frame-000000.color.jpg 0.291569 0.925406 -0.216631 0.108084 -1.024471 0.939389 0.682313 1.156995 0.022919
frame-000001.color.jpg 0.296356 0.925499 -0.212057 0.103230 -1.019155 0.937943 0.693380 0.927730 0.019746
frame-000002.color.jpg 0.296587 0.926647 -0.206521 0.103494 -1.019213 0.931094 0.701194 1.068440 0.020509
frame-000003.color.jpg 0.299779 0.926537 -0.200665 0.106750 -1.020492 0.928161 0.694822 1.040724 0.019566
frame-000004.color.jpg 0.302988 0.925751 -0.199567 0.106567 -1.017072 0.938369 0.694528 1.189260 0.022694
frame-000005.color.jpg 0.304029 0.926196 -0.197509 0.103523 -1.013823 0.938620 0.703169 1.171216 0.022529
frame-000006.color.jpg 0.304065 0.926428 -0.197699 0.100950 -1.006101 0.947153 0.708452 1.429707 0.027129
frame-000007.color.jpg 0.306421 0.925476 -0.198298 0.101384 -1.012096 0.954717 0.700960 1.190912 0.023970
frame-000008.color.jpg 0.308176 0.924744 -0.198579 0.102192 -1.011569 0.956271 0.697549 1.099681 0.020936
frame-000009.color.jpg 0.304743 0.925330 -0.199224 0.105861 -1.021955 0.959709 0.690822 1.452479 0.027523
frame-000010.color.jpg 0.306717 0.924361 -0.199933 0.107272 -1.032545 0.965585 0.683267 1.229270 0.023625
frame-000011.color.jpg 0.309062 0.922799 -0.199688 0.114224 -1.046585 0.971028 0.660918 1.193285 0.022890
frame-000012.color.jpg 0.307145 0.922902 -0.200113 0.117763 -1.051863 0.974557 0.654419 1.438557 0.027301
frame-000013.color.jpg 0.307639 0.921997 -0.201279 0.121523 -1.056602 0.976789 0.641676 1.620499 0.029553
frame-000014.color.jpg 0.308927 0.920651 -0.205026 0.122186 -1.049756 0.991419 0.631378 1.574468 0.029321
frame-000015.color.jpg 0.306729 0.916995 -0.217019 0.133940 -1.047557 1.019635 0.593680 1.548872 0.028786
frame-000016.color.jpg 0.308971 0.914593 -0.223302 0.134880 -1.037945 1.039250 0.584128 0.889640 0.016959
frame-000017.color.jpg 0.313739 0.909375 -0.235270 0.138757 -1.002939 1.077900 0.558531 0.796224 0.015980
frame-000018.color.jpg 0.315696 0.908160 -0.237773 0.138004 -0.995081 1.088519 0.556863 0.639032 0.013271
frame-000019.color.jpg 0.318255 0.904837 -0.246001 0.139524 -0.956784 1.117135 0.551088 0.533451 0.010155
frame-000020.color.jpg 0.334411 0.894422 -0.256427 0.149744 -0.893742 1.174253 0.509192 0.158361 0.002573
frame-000021.color.jpg 0.341187 0.888835 -0.261125 0.159305 -0.871140 1.196882 0.480046 0.111252 0.001899
frame-000022.color.jpg 0.349163 0.881058 -0.267596 0.173821 -0.842322 1.227712 0.440777 0.032880 0.000945
frame-000023.color.jpg 0.356886 0.875902 -0.269280 0.181427 -0.820563 1.243075 0.412427 0.202619 0.004707
frame-000024.color.jpg 0.362387 0.872951 -0.269755 0.184026 -0.804445 1.254766 0.403653 0.198646 0.004610
frame-000025.color.jpg 0.368404 0.869607 -0.269684 0.187971 -0.789852 1.264199 0.387139 0.317185 0.006617
frame-000026.color.jpg 0.371695 0.867071 -0.269602 0.193249 -0.781831 1.271850 0.371428 0.268017 0.005829
frame-000027.color.jpg 0.375666 0.862979 -0.271907 0.200521 -0.773109 1.281785 0.345291 0.357768 0.008422
frame-000028.color.jpg 0.378239 0.857244 -0.276838 0.213141 -0.767655 1.297247 0.316017 0.259685 0.006049
frame-000029.color.jpg 0.381501 0.850247 -0.282751 0.227133 -0.754851 1.309535 0.278283 0.405542 0.008706
frame-000030.color.jpg 0.379669 0.846943 -0.286511 0.237594 -0.747853 1.314508 0.261372 0.366840 0.006998
frame-000031.color.jpg 0.378083 0.845249 -0.288873 0.243227 -0.744184 1.316517 0.251452 0.404068 0.008422
frame-000032.color.jpg 0.376965 0.839926 -0.295337 0.255340 -0.735093 1.334181 0.226579 0.216506 0.005797
frame-000033.color.jpg 0.379689 0.834572 -0.299627 0.263724 -0.721669 1.346010 0.200078 0.488503 0.010328
frame-000034.color.jpg 0.377399 0.833896 -0.301352 0.267160 -0.714186 1.348107 0.200282 0.571313 0.010636
frame-000035.color.jpg 0.371823 0.835799 -0.302791 0.267405 -0.704343 1.350324 0.211645 0.427711 0.008962
frame-000036.color.jpg 0.370358 0.838011 -0.301307 0.264172 -0.695760 1.348698 0.222634 0.571174 0.012216
frame-000037.color.jpg 0.364717 0.845150 -0.295701 0.255468 -0.689010 1.343987 0.255445 0.448979 0.009175
frame-000038.color.jpg 0.358154 0.851517 -0.289496 0.250672 -0.691793 1.332668 0.278165 0.387008 0.008441
frame-000039.color.jpg 0.341175 0.860529 -0.289298 0.243712 -0.689207 1.326787 0.315487 0.414505 0.010557
frame-000040.color.jpg 0.336218 0.865577 -0.288045 0.234019 -0.670663 1.333947 0.329876 0.363913 0.009302
frame-000041.color.jpg 0.319485 0.878569 -0.284768 0.212021 -0.650017 1.331032 0.392500 0.321607 0.008355
frame-000042.color.jpg 0.310088 0.884507 -0.284347 0.201592 -0.629410 1.341653 0.409090 0.380662 0.008799
frame-000043.color.jpg 0.301545 0.890359 -0.277826 0.197848 -0.635066 1.338523 0.414842 0.458084 0.010352
frame-000044.color.jpg 0.293448 0.892367 -0.276164 0.203231 -0.646069 1.337130 0.408773 0.441260 0.009710
frame-000045.color.jpg 0.287719 0.893290 -0.277835 0.205084 -0.642876 1.337746 0.410207 0.493981 0.010817
frame-000046.color.jpg 0.278395 0.894758 -0.280686 0.207655 -0.634574 1.331797 0.418925 0.433336 0.010164
frame-000047.color.jpg 0.266309 0.896927 -0.286607 0.206055 -0.609563 1.326535 0.443523 0.431940 0.010175
frame-000048.color.jpg 0.256257 0.897154 -0.296191 0.204252 -0.552876 1.328963 0.469057 0.453874 0.010772
frame-000049.color.jpg 0.253897 0.895499 -0.303280 0.204060 -0.500642 1.335061 0.486192 0.453735 0.010643
frame-000050.color.jpg 0.252784 0.893574 -0.308731 0.205696 -0.467149 1.340197 0.493680 0.371867 0.009360
frame-000051.color.jpg 0.251525 0.890468 -0.317310 0.207644 -0.411116 1.344740 0.510799 0.288483 0.007326
frame-000052.color.jpg 0.249892 0.889625 -0.321492 0.206793 -0.379269 1.343694 0.527342 0.303586 0.007282
frame-000053.color.jpg 0.249885 0.887071 -0.327000 0.209124 -0.338315 1.341941 0.538063 0.259788 0.006820
frame-000054.color.jpg 0.248167 0.886763 -0.328545 0.210054 -0.307107 1.333489 0.553641 0.091039 0.005486
frame-000055.color.jpg 0.246492 0.886823 -0.328788 0.211389 -0.280830 1.325635 0.568723 0.181288 0.006372
frame-000056.color.jpg 0.247405 0.886200 -0.329011 0.212586 -0.260261 1.322674 0.572451 0.190939 0.006732
frame-000057.color.jpg 0.254203 0.883610 -0.330809 0.212555 -0.220399 1.324243 0.566082 0.280609 0.007960
frame-000058.color.jpg 0.262303 0.877611 -0.338359 0.215659 -0.178019 1.335772 0.548934 0.333297 0.009977
frame-000059.color.jpg 0.263570 0.876728 -0.340144 0.214900 -0.168327 1.337321 0.545534 0.339105 0.009048
frame-000060.color.jpg 0.262264 0.874782 -0.346830 0.213737 -0.134624 1.341968 0.550583 0.128989 0.005476
frame-000061.color.jpg 0.258692 0.874138 -0.349908 0.215698 -0.117130 1.344804 0.550501 0.204409 0.006379
frame-000062.color.jpg 0.253791 0.872589 -0.359110 0.212647 -0.067874 1.361381 0.543667 0.295546 0.007593
frame-000063.color.jpg 0.257489 0.865911 -0.371701 0.213861 -0.028087 1.390566 0.513479 0.507322 0.012181
frame-000064.color.jpg 0.256019 0.858756 -0.385188 0.220505 0.012499 1.412956 0.499687 0.247109 0.006639
frame-000065.color.jpg 0.250589 0.850562 -0.403962 0.224864 0.061158 1.437394 0.493010 0.195244 0.005711
frame-000066.color.jpg 0.246912 0.842428 -0.423269 0.224039 0.123175 1.461077 0.490664 0.350835 0.007604
frame-000067.color.jpg 0.248054 0.832391 -0.438096 0.231658 0.173940 1.478912 0.471627 0.299468 0.006596
frame-000068.color.jpg 0.241752 0.826411 -0.450251 0.236380 0.209266 1.482429 0.480469 0.233894 0.005585
frame-000069.color.jpg 0.234607 0.822027 -0.460918 0.238299 0.232418 1.483441 0.493564 0.305557 0.006784
frame-000070.color.jpg 0.216316 0.804588 -0.492367 0.251835 0.300549 1.478210 0.530681 0.326981 0.007213
frame-000071.color.jpg 0.209534 0.793293 -0.509962 0.258302 0.347078 1.472931 0.551226 0.302641 0.007248
frame-000072.color.jpg 0.204760 0.778154 -0.533559 0.260508 0.420197 1.461608 0.581351 0.171832 0.005339
frame-000073.color.jpg 0.206814 0.766025 -0.549590 0.261505 0.482385 1.453211 0.593175 0.238134 0.004906
frame-000074.color.jpg 0.209680 0.752637 -0.565393 0.264393 0.550670 1.440519 0.606042 0.310458 0.005256
frame-000075.color.jpg 0.210782 0.744769 -0.573672 0.267937 0.593910 1.428581 0.619993 0.269153 0.006821
frame-000076.color.jpg 0.216222 0.734230 -0.583572 0.271291 0.660652 1.406256 0.639652 0.287737 0.007865
frame-000077.color.jpg 0.219964 0.728437 -0.586392 0.277739 0.690569 1.390702 0.654917 0.362431 0.010337
frame-000078.color.jpg 0.236859 0.729206 -0.580083 0.275065 0.715778 1.395928 0.628283 0.354449 0.010571
frame-000079.color.jpg 0.247186 0.730078 -0.573925 0.276580 0.717801 1.406949 0.608358 0.401973 0.010522
frame-000080.color.jpg 0.261777 0.733595 -0.562132 0.278063 0.705846 1.420763 0.581054 0.597087 0.014639
frame-000081.color.jpg 0.271133 0.738298 -0.550819 0.279286 0.689658 1.416139 0.576570 0.779940 0.018214
frame-000082.color.jpg 0.273215 0.743093 -0.542676 0.280479 0.663225 1.412688 0.587764 0.689603 0.016527
frame-000083.color.jpg 0.289491 0.748350 -0.530491 0.273399 0.668043 1.403973 0.575158 0.959039 0.023308
frame-000084.color.jpg 0.296114 0.752040 -0.524413 0.267848 0.658810 1.390669 0.580292 1.040043 0.024236
frame-000085.color.jpg 0.297190 0.752468 -0.523273 0.267686 0.655695 1.386750 0.585945 1.018205 0.023313
frame-000086.color.jpg 0.294333 0.757597 -0.518244 0.266152 0.639207 1.353701 0.635317 0.967411 0.022127
frame-000087.color.jpg 0.289516 0.758497 -0.519068 0.267266 0.632450 1.337337 0.671878 0.873004 0.019500
frame-000088.color.jpg 0.293476 0.754149 -0.522467 0.268626 0.654450 1.319216 0.685632 0.822378 0.018283
frame-000089.color.jpg 0.292748 0.751180 -0.527036 0.268812 0.666696 1.299208 0.706130 0.983376 0.022842
frame-000090.color.jpg 0.293220 0.744394 -0.538611 0.264192 0.718227 1.260136 0.736937 0.899208 0.021087
frame-000091.color.jpg 0.289793 0.736543 -0.551734 0.262893 0.767085 1.195902 0.792775 0.768212 0.020302
frame-000092.color.jpg 0.284845 0.735436 -0.555593 0.263274 0.773835 1.160538 0.832047 1.003058 0.027084
frame-000093.color.jpg 0.280935 0.732789 -0.561272 0.262812 0.789574 1.126772 0.870320 0.951457 0.026572
frame-000094.color.jpg 0.281415 0.726712 -0.567081 0.266673 0.808894 1.099923 0.893310 0.726727 0.020246
frame-000095.color.jpg 0.282280 0.724044 -0.568427 0.270127 0.810412 1.083889 0.915740 0.739303 0.021965
frame-000096.color.jpg 0.280250 0.725433 -0.566923 0.271671 0.804414 1.070721 0.934630 0.614821 0.017588
frame-000097.color.jpg 0.281215 0.727504 -0.563746 0.271747 0.799732 1.064353 0.942485 0.557108 0.016153
frame-000098.color.jpg 0.281741 0.732197 -0.558836 0.268721 0.789870 1.057759 0.947608 0.700840 0.021902
frame-000099.color.jpg 0.279139 0.738272 -0.552455 0.268009 0.779656 1.043295 0.953161 0.461778 0.013095
frame-000100.color.jpg 0.280173 0.739546 -0.550773 0.266879 0.780572 1.042758 0.954247 0.414071 0.011996
frame-000101.color.jpg 0.282731 0.743420 -0.546743 0.261651 0.779054 1.035576 0.953296 0.570735 0.017555
frame-000102.color.jpg 0.274594 0.755567 -0.537613 0.254341 0.754475 1.007871 0.986184 0.589575 0.021511
frame-000103.color.jpg 0.272641 0.761957 -0.532319 0.248445 0.748648 0.990370 0.994326 0.644412 0.021586
frame-000104.color.jpg 0.273666 0.766739 -0.527209 0.243453 0.749174 0.973046 0.999241 0.712730 0.023469
frame-000105.color.jpg 0.271902 0.775632 -0.519862 0.232825 0.750158 0.948204 1.012963 0.931131 0.029132
frame-000106.color.jpg 0.268097 0.779190 -0.517155 0.231383 0.746435 0.926413 1.022660 0.824140 0.025106
frame-000107.color.jpg 0.272028 0.781261 -0.514147 0.226460 0.763982 0.903428 1.015848 0.613710 0.018009
frame-000108.color.jpg 0.262420 0.789714 -0.509919 0.217876 0.772321 0.884149 1.044844 0.786873 0.022849
frame-000109.color.jpg 0.257515 0.792132 -0.508833 0.217492 0.776364 0.871933 1.057495 0.941471 0.026997
frame-000110.color.jpg 0.250242 0.793254 -0.510456 0.218085 0.782581 0.850346 1.072442 0.956287 0.027120
frame-000111.color.jpg 0.249318 0.792605 -0.512239 0.217324 0.808219 0.833560 1.071461 0.723597 0.020383
frame-000112.color.jpg 0.248825 0.792716 -0.512767 0.216235 0.840260 0.832671 1.079059 0.840233 0.023752
frame-000113.color.jpg 0.247348 0.793821 -0.511797 0.216174 0.864736 0.827897 1.078186 0.605519 0.016188
frame-000114.color.jpg 0.247868 0.791996 -0.514372 0.216162 0.908361 0.829329 1.078400 0.468443 0.012440
frame-000115.color.jpg 0.254578 0.788664 -0.517873 0.212145 0.965499 0.829510 1.070615 0.477915 0.013543
frame-000116.color.jpg 0.260662 0.784447 -0.521948 0.210398 1.032594 0.831285 1.059239 0.442760 0.011173
frame-000117.color.jpg 0.270768 0.782035 -0.521271 0.208285 1.087881 0.845225 1.031768 0.190386 0.005484
frame-000118.color.jpg 0.273618 0.781388 -0.519935 0.210316 1.118318 0.866932 1.022229 0.237263 0.006840
frame-000119.color.jpg 0.273002 0.782357 -0.519405 0.208823 1.125521 0.873903 1.022159 0.447095 0.011387
frame-000120.color.jpg 0.277668 0.784558 -0.513742 0.208416 1.143005 0.895121 0.997895 0.248535 0.006712
frame-000121.color.jpg 0.271560 0.799308 -0.496954 0.200995 1.169793 0.977493 0.942596 0.450953 0.012795
frame-000122.color.jpg 0.274907 0.803085 -0.490287 0.197734 1.179918 1.011356 0.908688 0.423636 0.011852
frame-000123.color.jpg 0.279031 0.807282 -0.481050 0.197557 1.175674 1.085951 0.845798 0.143082 0.008531
frame-000124.color.jpg 0.279080 0.807829 -0.480030 0.197730 1.175272 1.097880 0.839092 0.188010 0.009325
frame-000125.color.jpg 0.282765 0.815971 -0.464387 0.196420 1.178128 1.184865 0.758855 0.142258 0.008758
frame-000126.color.jpg 0.286629 0.818950 -0.458888 0.191276 1.198370 1.218241 0.724444 0.313998 0.009409
frame-000127.color.jpg 0.289528 0.821486 -0.453977 0.187721 1.206330 1.234928 0.699457 0.146825 0.003600
frame-000128.color.jpg 0.285853 0.823698 -0.451792 0.188927 1.204951 1.251645 0.695690 0.233719 0.006691
frame-000129.color.jpg 0.280587 0.822395 -0.455820 0.192784 1.210881 1.257242 0.708265 0.227879 0.007830
frame-000130.color.jpg 0.274713 0.814000 -0.473137 0.195135 1.261287 1.244458 0.727243 0.161256 0.005945
frame-000131.color.jpg 0.272205 0.797434 -0.498459 0.203818 1.327474 1.208776 0.753810 0.175272 0.005407
frame-000132.color.jpg 0.264455 0.777782 -0.528031 0.215177 1.395392 1.169679 0.806301 0.152028 0.005192
frame-000133.color.jpg 0.261011 0.764442 -0.544266 0.226442 1.435070 1.149182 0.842416 0.097057 0.001835
frame-000134.color.jpg 0.257718 0.754601 -0.557074 0.232005 1.468874 1.124599 0.865232 0.204130 0.004894
frame-000135.color.jpg 0.246687 0.735993 -0.581541 0.243455 1.502749 1.072152 0.930714 0.213332 0.005127
frame-000136.color.jpg 0.239244 0.718775 -0.600968 0.254877 1.514974 1.036422 0.982155 0.150355 0.005605
frame-000137.color.jpg 0.236107 0.708285 -0.610613 0.264079 1.515687 1.028594 1.009295 0.205655 0.004114
frame-000138.color.jpg 0.233463 0.702262 -0.615699 0.270624 1.506520 1.032218 1.022170 0.187868 0.005026
frame-000139.color.jpg 0.233825 0.697025 -0.619202 0.275809 1.504959 1.049104 1.021054 0.208914 0.002069
frame-000140.color.jpg 0.238541 0.694409 -0.620092 0.276369 1.511173 1.073469 0.993593 0.220167 0.002200
frame-000141.color.jpg 0.246004 0.692844 -0.618640 0.277008 1.518127 1.105118 0.946954 0.205889 0.003484
frame-000142.color.jpg 0.248512 0.695632 -0.615147 0.275557 1.512787 1.142699 0.911545 0.180749 0.002240
frame-000143.color.jpg 0.248451 0.696514 -0.613496 0.277061 1.503235 1.178658 0.892991 0.414093 0.006282
frame-000144.color.jpg 0.253477 0.700513 -0.603544 0.284193 1.473321 1.246711 0.832539 0.140318 0.005743
frame-000145.color.jpg 0.260633 0.706858 -0.592777 0.284672 1.446340 1.319697 0.764221 0.619256 0.015108
frame-000146.color.jpg 0.260550 0.707370 -0.590749 0.287674 1.444254 1.330080 0.757212 0.280446 0.006247
frame-000147.color.jpg 0.259278 0.717285 -0.580836 0.284440 1.419015 1.390223 0.718379 0.550069 0.011661
frame-000148.color.jpg 0.261960 0.716831 -0.577506 0.289858 1.422795 1.432751 0.684985 0.503312 0.011939
frame-000149.color.jpg 0.262447 0.715974 -0.577773 0.291001 1.424528 1.433553 0.684055 0.542948 0.013138
frame-000150.color.jpg 0.268388 0.706032 -0.583167 0.299003 1.472973 1.441773 0.671386 0.209122 0.004873
frame-000151.color.jpg 0.280815 0.700971 -0.582302 0.301177 1.508018 1.453956 0.628574 0.667900 0.015396
frame-000152.color.jpg 0.286124 0.702903 -0.576338 0.303142 1.522624 1.479906 0.603232 0.653688 0.014595
frame-000153.color.jpg 0.289658 0.706724 -0.568523 0.305647 1.532259 1.517956 0.582909 0.279460 0.006603
frame-000154.color.jpg 0.295659 0.710117 -0.560590 0.306690 1.528225 1.542403 0.548635 0.488607 0.012590
frame-000155.color.jpg 0.300177 0.712858 -0.553985 0.307940 1.527122 1.564584 0.525525 0.590656 0.014998
frame-000156.color.jpg 0.301028 0.713978 -0.552392 0.307377 1.524824 1.570285 0.520789 0.638623 0.016537
frame-000157.color.jpg 0.302623 0.717473 -0.546646 0.307943 1.523529 1.594759 0.508521 0.481140 0.012690
frame-000158.color.jpg 0.306176 0.719456 -0.542189 0.307686 1.527038 1.607082 0.489710 0.489878 0.012552
frame-000159.color.jpg 0.311139 0.723547 -0.535299 0.305168 1.530428 1.624461 0.462994 0.502729 0.012606
frame-000160.color.jpg 0.318119 0.727070 -0.526882 0.304244 1.532979 1.642445 0.425200 0.690572 0.017422
frame-000161.color.jpg 0.322576 0.729798 -0.521999 0.301425 1.538388 1.656568 0.400001 0.587343 0.014092
frame-000162.color.jpg 0.330553 0.731281 -0.514797 0.301575 1.547882 1.670883 0.356663 0.668113 0.016480
frame-000163.color.jpg 0.342949 0.732940 -0.505126 0.300054 1.556615 1.693663 0.292594 0.588672 0.015228
frame-000164.color.jpg 0.347796 0.734307 -0.499471 0.300600 1.554112 1.710253 0.262092 0.578104 0.015177
frame-000165.color.jpg 0.350155 0.735328 -0.495656 0.301678 1.555385 1.727462 0.247393 0.374243 0.009830
frame-000166.color.jpg 0.358413 0.736438 -0.488246 0.301354 1.555544 1.744257 0.199186 0.421571 0.011184
frame-000167.color.jpg 0.367216 0.738375 -0.478482 0.301678 1.545646 1.763027 0.144951 0.543747 0.014947
frame-000168.color.jpg 0.373511 0.743386 -0.468497 0.297285 1.540575 1.792232 0.098753 0.283531 0.007996
frame-000169.color.jpg 0.376358 0.745428 -0.462068 0.298638 1.527650 1.804462 0.072750 0.509182 0.015105
frame-000170.color.jpg 0.379624 0.748912 -0.453753 0.298538 1.513757 1.828019 0.044331 0.525504 0.014709
frame-000171.color.jpg 0.381859 0.752365 -0.448172 0.295420 1.504187 1.842656 0.024968 0.435623 0.011139
frame-000172.color.jpg 0.385097 0.757406 -0.440061 0.290486 1.487688 1.862292 -0.006309 0.472871 0.011246
frame-000173.color.jpg 0.388530 0.763439 -0.430655 0.284152 1.471420 1.882947 -0.036193 0.484196 0.010286
frame-000174.color.jpg 0.390132 0.770107 -0.420422 0.279244 1.455656 1.901778 -0.063708 0.441870 0.009941
frame-000175.color.jpg 0.394671 0.774714 -0.412488 0.271858 1.442662 1.907910 -0.097028 0.595320 0.013308
frame-000176.color.jpg 0.395546 0.780230 -0.405203 0.265697 1.436264 1.921150 -0.115685 0.476401 0.011117
frame-000177.color.jpg 0.397307 0.784811 -0.399683 0.257821 1.438485 1.928813 -0.132019 0.436504 0.011858
frame-000178.color.jpg 0.400213 0.790234 -0.392807 0.247108 1.425513 1.930498 -0.157973 0.443594 0.010562
frame-000179.color.jpg 0.397497 0.794772 -0.389415 0.242258 1.422174 1.941683 -0.152157 0.395670 0.011374
frame-000180.color.jpg 0.388879 0.803503 -0.384322 0.235484 1.401637 1.956323 -0.124901 0.347317 0.009706
frame-000181.color.jpg 0.383296 0.808696 -0.380838 0.232502 1.382975 1.969580 -0.107125 0.280101 0.007690
frame-000182.color.jpg 0.377858 0.814690 -0.376149 0.228070 1.360070 1.979475 -0.094764 0.265647 0.006533
frame-000183.color.jpg 0.373810 0.818539 -0.372504 0.226937 1.349207 1.986377 -0.084285 0.475135 0.012623
frame-000184.color.jpg 0.372989 0.819897 -0.371679 0.224727 1.345243 1.987424 -0.081650 0.367291 0.010539
frame-000185.color.jpg 0.369029 0.826019 -0.365115 0.219546 1.322720 2.000434 -0.073720 0.502202 0.012927
frame-000186.color.jpg 0.364695 0.830517 -0.361682 0.215463 1.312934 2.008126 -0.061475 0.681336 0.019032
frame-000187.color.jpg 0.359372 0.836761 -0.355516 0.210454 1.280507 2.020035 -0.043980 0.627748 0.015524
frame-000188.color.jpg 0.355266 0.839803 -0.352417 0.210522 1.253255 2.021327 -0.028587 0.499744 0.010208
frame-000189.color.jpg 0.341385 0.843821 -0.354504 0.213893 1.225992 2.015038 0.040737 0.566156 0.014221
frame-000190.color.jpg 0.343027 0.842562 -0.356812 0.212385 1.226468 1.998238 0.044043 0.543448 0.013595
frame-000191.color.jpg 0.342122 0.843116 -0.354306 0.215813 1.194759 1.982307 0.055491 0.409772 0.007605
frame-000192.color.jpg 0.337826 0.845138 -0.353195 0.216493 1.171720 1.980101 0.088268 0.506535 0.013036
frame-000193.color.jpg 0.342652 0.843756 -0.351361 0.217280 1.158892 1.960518 0.077009 0.471410 0.010663
frame-000194.color.jpg 0.341706 0.844327 -0.351000 0.217136 1.150379 1.958945 0.085204 0.442845 0.009094
frame-000195.color.jpg 0.343499 0.845334 -0.346661 0.217359 1.108304 1.939139 0.098713 0.417270 0.006709
frame-000196.color.jpg 0.341537 0.843689 -0.351872 0.218466 1.101190 1.898779 0.144654 0.372616 0.002220
frame-000197.color.jpg 0.341943 0.842366 -0.354281 0.219043 1.105225 1.887496 0.147434 0.398066 0.005868
frame-000198.color.jpg 0.338766 0.836330 -0.368855 0.223014 1.143118 1.859059 0.191099 0.247741 0.005474
frame-000199.color.jpg 0.343034 0.829119 -0.378934 0.226490 1.181848 1.829700 0.201380 0.299669 0.007276
frame-000200.color.jpg 0.342445 0.818673 -0.398150 0.232340 1.254178 1.788490 0.254677 0.416336 0.010487
frame-000201.color.jpg 0.345262 0.809917 -0.412528 0.233773 1.319142 1.743270 0.288189 0.505138 0.013055
frame-000202.color.jpg 0.351187 0.800062 -0.425379 0.235840 1.376298 1.688295 0.311512 0.526773 0.013906
frame-000203.color.jpg 0.348388 0.796766 -0.434152 0.235164 1.406120 1.643739 0.358994 0.468577 0.012797
frame-000204.color.jpg 0.345141 0.791283 -0.443627 0.240715 1.433549 1.602274 0.413377 0.564705 0.015870
frame-000205.color.jpg 0.340978 0.789085 -0.449931 0.242160 1.450023 1.566519 0.462454 0.540172 0.016211
frame-000206.color.jpg 0.329775 0.786667 -0.459914 0.246745 1.457182 1.512870 0.554246 0.459636 0.015554
frame-000207.color.jpg 0.334614 0.782717 -0.462019 0.248851 1.458734 1.481803 0.565937 0.491265 0.016228
frame-000208.color.jpg 0.332126 0.785076 -0.460050 0.248400 1.441980 1.468266 0.584537 0.512269 0.017975
frame-000209.color.jpg 0.328282 0.788933 -0.457656 0.245696 1.423504 1.456192 0.604781 0.507574 0.018837
frame-000210.color.jpg 0.324898 0.793244 -0.454569 0.242018 1.406751 1.439745 0.624365 0.518524 0.018935
frame-000211.color.jpg 0.327173 0.795448 -0.450620 0.239085 1.393422 1.432860 0.623572 0.473575 0.018595
frame-000212.color.jpg 0.325318 0.799241 -0.446747 0.236217 1.370077 1.420725 0.647393 0.300282 0.013477
frame-000213.color.jpg 0.331653 0.800815 -0.441485 0.231934 1.382995 1.412539 0.630442 0.465128 0.014000
frame-000214.color.jpg 0.339121 0.809609 -0.428621 0.214044 1.389411 1.412079 0.591209 0.286929 0.009026
frame-000215.color.jpg 0.340504 0.810676 -0.426375 0.212290 1.387957 1.410538 0.584595 0.283760 0.010146
frame-000216.color.jpg 0.340276 0.815208 -0.419808 0.208350 1.389792 1.400146 0.586810 0.411896 0.012432
frame-000217.color.jpg 0.341064 0.820097 -0.414096 0.199101 1.400612 1.402519 0.576739 0.362082 0.008703
frame-000218.color.jpg 0.343523 0.827115 -0.401923 0.190606 1.399812 1.417523 0.560485 0.241445 0.005839
frame-000219.color.jpg 0.349077 0.832250 -0.390217 0.182308 1.405535 1.429627 0.532327 0.297973 0.007695
frame-000220.color.jpg 0.350737 0.834582 -0.384285 0.181058 1.405165 1.437160 0.527571 0.170523 0.005840
frame-000221.color.jpg 0.351022 0.834556 -0.383753 0.181750 1.413594 1.433898 0.531284 0.195543 0.007364
frame-000222.color.jpg 0.347789 0.833910 -0.387550 0.182871 1.437526 1.416006 0.556270 0.217182 0.007633
frame-000223.color.jpg 0.348834 0.833951 -0.387435 0.180929 1.459460 1.407596 0.558684 0.249644 0.008781
frame-000224.color.jpg 0.345009 0.835434 -0.387192 0.181935 1.468281 1.404727 0.579871 0.251189 0.007778
frame-000225.color.jpg 0.339118 0.837433 -0.388465 0.181108 1.483523 1.386516 0.608366 0.235231 0.009234
frame-000226.color.jpg 0.329999 0.839383 -0.391278 0.182861 1.491741 1.366683 0.649704 0.339365 0.010140
frame-000227.color.jpg 0.315591 0.840090 -0.400021 0.186103 1.498599 1.321728 0.721457 0.306451 0.011064
frame-000228.color.jpg 0.307147 0.839821 -0.406081 0.188308 1.500323 1.295180 0.761459 0.334143 0.011773
frame-000229.color.jpg 0.298862 0.836893 -0.416050 0.192856 1.506491 1.257530 0.810191 0.374025 0.012269
frame-000230.color.jpg 0.284306 0.824225 -0.446311 0.201569 1.527079 1.151837 0.912009 0.370445 0.013864
frame-000231.color.jpg 0.282764 0.818206 -0.456898 0.204520 1.534677 1.114408 0.936711 0.433802 0.015430
frame-000232.color.jpg 0.276622 0.810363 -0.472096 0.209567 1.535460 1.063101 0.981711 0.521669 0.018535
frame-000233.color.jpg 0.275581 0.808199 -0.475990 0.210483 1.535951 1.050961 0.992100 0.482627 0.018547
frame-000234.color.jpg 0.271480 0.800769 -0.488949 0.214468 1.540071 1.005132 1.029258 0.492892 0.017198
frame-000235.color.jpg 0.265623 0.792162 -0.504603 0.217485 1.541085 0.945611 1.074667 0.413233 0.014835
frame-000236.color.jpg 0.261289 0.783181 -0.520783 0.217118 1.546127 0.882780 1.108285 0.450101 0.014107
frame-000237.color.jpg 0.261094 0.773297 -0.534761 0.218798 1.543106 0.832394 1.133505 0.517932 0.016791
frame-000238.color.jpg 0.259326 0.765607 -0.545204 0.222144 1.529540 0.798263 1.158881 0.567520 0.017683
frame-000239.color.jpg 0.253455 0.747396 -0.570317 0.227814 1.492099 0.712408 1.217926 0.495673 0.016752
frame-000240.color.jpg 0.250473 0.740683 -0.579587 0.229634 1.472687 0.676117 1.242391 0.542700 0.018262
frame-000241.color.jpg 0.247434 0.739471 -0.582415 0.229680 1.463248 0.665879 1.254116 0.518894 0.016908
frame-000242.color.jpg 0.243290 0.729450 -0.594357 0.235484 1.429284 0.627294 1.290049 0.422259 0.013201
frame-000243.color.jpg 0.244291 0.722313 -0.601583 0.238082 1.403006 0.604877 1.303050 0.503062 0.014875
frame-000244.color.jpg 0.247940 0.714035 -0.607638 0.243836 1.380358 0.599711 1.318819 0.435550 0.014037
frame-000245.color.jpg 0.249482 0.708753 -0.611009 0.249192 1.350232 0.599091 1.332100 0.586698 0.016111
frame-000246.color.jpg 0.243076 0.698080 -0.622564 0.256928 1.288920 0.566157 1.371628 0.690456 0.018529
frame-000247.color.jpg 0.241086 0.691605 -0.629149 0.260253 1.263542 0.552763 1.390301 0.659194 0.019347
frame-000248.color.jpg 0.238824 0.684335 -0.635486 0.266095 1.231511 0.546329 1.411293 0.727800 0.021944
frame-000249.color.jpg 0.236044 0.679856 -0.639568 0.270243 1.200344 0.539969 1.422422 0.699715 0.023958
frame-000250.color.jpg 0.231359 0.673238 -0.643929 0.280320 1.161193 0.545428 1.446945 0.710187 0.021007
frame-000251.color.jpg 0.230543 0.667697 -0.646732 0.287695 1.143025 0.553427 1.459144 0.472789 0.016182
frame-000252.color.jpg 0.232246 0.664767 -0.647705 0.290904 1.139576 0.558244 1.460488 0.459331 0.017372
frame-000253.color.jpg 0.233805 0.663330 -0.647380 0.293645 1.136912 0.566902 1.461488 0.528051 0.020163
frame-000254.color.jpg 0.235075 0.662996 -0.646706 0.294868 1.141865 0.574504 1.459451 0.424395 0.017003
frame-000255.color.jpg 0.239291 0.665188 -0.642729 0.295237 1.152493 0.595439 1.448642 0.511908 0.017623
frame-000256.color.jpg 0.241162 0.664930 -0.641750 0.296422 1.157195 0.600823 1.442581 0.519700 0.016071
frame-000257.color.jpg 0.248816 0.668061 -0.635749 0.295986 1.177084 0.627882 1.423714 0.453495 0.016324
frame-000258.color.jpg 0.256669 0.680092 -0.620484 0.294271 1.211614 0.679629 1.392934 0.407556 0.017076
frame-000259.color.jpg 0.265688 0.694790 -0.601324 0.291697 1.249240 0.744121 1.350265 0.378283 0.015084
frame-000260.color.jpg 0.273450 0.703159 -0.589005 0.289596 1.273114 0.782418 1.317127 0.312273 0.013796
frame-000261.color.jpg 0.282772 0.714456 -0.572709 0.285650 1.303203 0.827538 1.272763 0.339538 0.015406
frame-000262.color.jpg 0.290309 0.727545 -0.555012 0.279930 1.333369 0.874786 1.231243 0.354527 0.017110
frame-000263.color.jpg 0.297925 0.740870 -0.536526 0.272933 1.361059 0.924023 1.187097 0.305497 0.017284
frame-000264.color.jpg 0.301887 0.747974 -0.526276 0.269135 1.373775 0.950427 1.160569 0.300994 0.018538
frame-000265.color.jpg 0.306055 0.754769 -0.515750 0.265812 1.382878 0.976425 1.132662 0.373528 0.021633
frame-000266.color.jpg 0.308183 0.763409 -0.502743 0.263589 1.383552 1.009942 1.110927 0.398272 0.022594
frame-000267.color.jpg 0.311945 0.772559 -0.487937 0.260309 1.389106 1.048930 1.077690 0.276739 0.019693
frame-000268.color.jpg 0.314336 0.780585 -0.474600 0.258135 1.394154 1.082759 1.050637 0.295579 0.017833
frame-000269.color.jpg 0.318257 0.786475 -0.464487 0.253813 1.403518 1.107648 1.019644 0.327178 0.014720
frame-000270.color.jpg 0.324558 0.795101 -0.449143 0.246468 1.414769 1.141187 0.976533 0.283339 0.013778
frame-000271.color.jpg 0.328469 0.803668 -0.435015 0.238720 1.424593 1.170574 0.936548 0.249017 0.010673
frame-000272.color.jpg 0.333460 0.812718 -0.419268 0.229146 1.434807 1.201494 0.890142 0.166207 0.011067
frame-000273.color.jpg 0.334937 0.817289 -0.411443 0.224878 1.435389 1.219403 0.867294 0.100781 0.010146
frame-000274.color.jpg 0.336763 0.821624 -0.403180 0.221291 1.437898 1.238754 0.844730 0.105169 0.010294
frame-000275.color.jpg 0.336929 0.826604 -0.394860 0.217463 1.436633 1.253246 0.826153 0.143748 0.012198
frame-000276.color.jpg 0.330104 0.833730 -0.387017 0.214811 1.429432 1.269235 0.826137 0.187239 0.011312
frame-000277.color.jpg 0.324830 0.841012 -0.378796 0.209040 1.428440 1.284308 0.820305 0.174529 0.011532
frame-000278.color.jpg 0.315546 0.849214 -0.369501 0.206724 1.419254 1.302937 0.819008 0.271714 0.012053
frame-000279.color.jpg 0.313175 0.851297 -0.367049 0.206128 1.413294 1.309671 0.821230 0.323092 0.014305
frame-000280.color.jpg 0.309879 0.855764 -0.361358 0.202639 1.418607 1.327787 0.810409 0.176950 0.008928
frame-000281.color.jpg 0.306864 0.860667 -0.353803 0.199775 1.422839 1.358525 0.793713 0.137828 0.007264
frame-000282.color.jpg 0.306562 0.863765 -0.348290 0.196528 1.430193 1.381585 0.776339 0.048181 0.006102
frame-000283.color.jpg 0.326567 0.851307 -0.368392 0.181434 1.583736 1.426519 0.641070 0.345298 0.013347
frame-000284.color.jpg 0.325847 0.851359 -0.368582 0.182096 1.581057 1.427567 0.646330 0.303773 0.012459
frame-000285.color.jpg 0.327068 0.849988 -0.369256 0.184922 1.579172 1.427584 0.649238 0.288057 0.009717
frame-000286.color.jpg 0.327936 0.850470 -0.367851 0.183969 1.573330 1.429213 0.644199 0.343338 0.012702
frame-000287.color.jpg 0.330697 0.849960 -0.366737 0.183606 1.573221 1.433049 0.634716 0.264167 0.010308
frame-000288.color.jpg 0.327856 0.851665 -0.364195 0.185844 1.559952 1.441813 0.644030 0.214536 0.009983
frame-000289.color.jpg 0.328611 0.851814 -0.363670 0.184855 1.558657 1.444110 0.637864 0.308829 0.010773
frame-000290.color.jpg 0.329150 0.852990 -0.360471 0.184742 1.554634 1.456837 0.631910 0.212523 0.007849
frame-000291.color.jpg 0.327100 0.857192 -0.355080 0.179293 1.551598 1.460917 0.623975 0.264021 0.010588
frame-000292.color.jpg 0.318192 0.863509 -0.350769 0.173400 1.545116 1.460610 0.637075 0.284451 0.010490
frame-000293.color.jpg 0.313543 0.869134 -0.344305 0.166590 1.542201 1.462918 0.631400 0.268695 0.011526
frame-000294.color.jpg 0.309661 0.874074 -0.337881 0.161060 1.541092 1.470550 0.627959 0.175550 0.009838
frame-000295.color.jpg 0.308290 0.878127 -0.331534 0.154710 1.536427 1.481765 0.615513 0.300472 0.010251
frame-000296.color.jpg 0.308521 0.882176 -0.322409 0.150443 1.525624 1.503357 0.598592 0.318329 0.010217
frame-000297.color.jpg 0.307826 0.886455 -0.312948 0.146641 1.512497 1.527769 0.585423 0.267450 0.009285
frame-000298.color.jpg 0.310664 0.889232 -0.304468 0.141609 1.504349 1.547063 0.555436 0.361334 0.011138
frame-000299.color.jpg 0.311392 0.890915 -0.299564 0.139883 1.499028 1.560702 0.543728 0.265473 0.009040
frame-000300.color.jpg 0.321079 0.891005 -0.290945 0.135531 1.492211 1.595666 0.485515 0.270303 0.007132
frame-000301.color.jpg 0.333852 0.888558 -0.283919 0.135640 1.484052 1.626763 0.426782 0.345332 0.008715
frame-000302.color.jpg 0.354489 0.887519 -0.262880 0.132445 1.445709 1.717257 0.320546 0.298054 0.006250
frame-000303.color.jpg 0.373619 0.885475 -0.245113 0.127523 1.409858 1.775906 0.207203 0.319809 0.008070
frame-000304.color.jpg 0.375598 0.885401 -0.242792 0.126661 1.403487 1.783352 0.193287 0.382979 0.008929
frame-000305.color.jpg 0.384691 0.883388 -0.236168 0.125951 1.389719 1.809757 0.146057 0.309965 0.009051
frame-000306.color.jpg 0.394978 0.880986 -0.228785 0.124559 1.369583 1.833927 0.093273 0.355409 0.010949
frame-000307.color.jpg 0.406241 0.878997 -0.217338 0.122867 1.338747 1.869319 0.029390 0.247788 0.009198
frame-000308.color.jpg 0.416331 0.877146 -0.207022 0.120106 1.312246 1.893355 -0.026670 0.186179 0.009793
frame-000309.color.jpg 0.423578 0.876843 -0.195529 0.116177 1.276494 1.917861 -0.073702 0.254353 0.012127
frame-000310.color.jpg 0.430058 0.876695 -0.182235 0.115089 1.234235 1.942370 -0.118871 0.226036 0.010995
frame-000311.color.jpg 0.435615 0.877329 -0.167477 0.111736 1.192495 1.971699 -0.159773 0.151822 0.010819
frame-000312.color.jpg 0.448339 0.877384 -0.138950 0.099408 1.106447 2.006343 -0.258845 0.149594 0.009269
frame-000313.color.jpg 0.456966 0.876917 -0.118279 0.090601 1.040303 2.017441 -0.327725 0.207809 0.010836
frame-000314.color.jpg 0.460570 0.877977 -0.100608 0.083131 0.987385 2.032608 -0.368091 0.356243 0.011947
frame-000315.color.jpg 0.465410 0.877797 -0.084865 0.075253 0.942563 2.043873 -0.409585 0.381877 0.013710
frame-000316.color.jpg 0.470491 0.877233 -0.066247 0.068648 0.893616 2.057552 -0.452145 0.740166 0.021658
frame-000317.color.jpg 0.469922 0.879992 -0.044505 0.052970 0.819055 2.066460 -0.482381 0.363223 0.012305
frame-000318.color.jpg 0.464155 0.884040 -0.030008 0.046181 0.769638 2.085212 -0.472968 0.192695 0.008349
frame-000319.color.jpg 0.457468 0.888051 -0.020697 0.040737 0.749844 2.104138 -0.453720 0.273472 0.008440
frame-000320.color.jpg 0.454442 0.889736 -0.017095 0.039504 0.748901 2.107152 -0.441014 0.222998 0.009894
frame-000321.color.jpg 0.447506 0.893311 -0.010589 0.040278 0.721245 2.118011 -0.415174 0.368211 0.011787
frame-000322.color.jpg 0.438783 0.897494 -0.006008 0.044024 0.704088 2.128310 -0.375544 0.368048 0.012627
frame-000323.color.jpg 0.419455 0.906471 -0.004915 0.048406 0.694965 2.141047 -0.289053 0.621532 0.018054
frame-000324.color.jpg 0.402069 0.913811 -0.003993 0.057228 0.675288 2.150314 -0.209926 0.733969 0.021705
frame-000325.color.jpg 0.394214 0.916829 -0.003953 0.063287 0.670477 2.151482 -0.175470 0.586885 0.018579
frame-000326.color.jpg 0.384185 0.920934 -0.002941 0.065377 0.668107 2.153499 -0.137755 0.599489 0.017646
frame-000327.color.jpg 0.381029 0.922229 -0.000317 0.065660 0.662423 2.154547 -0.128963 0.587836 0.016895
frame-000328.color.jpg 0.374584 0.924825 0.003625 0.066121 0.655801 2.154900 -0.105667 0.519150 0.015471
frame-000329.color.jpg 0.367475 0.928051 0.009063 0.060008 0.650267 2.160453 -0.089079 0.754375 0.017838
frame-000330.color.jpg 0.360435 0.930693 0.018006 0.059774 0.635247 2.168551 -0.067556 0.740039 0.018241
frame-000331.color.jpg 0.357279 0.932204 0.029297 0.049895 0.622310 2.179441 -0.071920 0.720942 0.017708
frame-000332.color.jpg 0.358559 0.931714 0.050245 0.028644 0.599202 2.193174 -0.111978 0.804410 0.017807
frame-000333.color.jpg 0.362356 0.928997 0.073990 0.013736 0.561716 2.203542 -0.164415 0.562767 0.010742
frame-000334.color.jpg 0.361305 0.928042 0.090467 0.003538 0.534607 2.218536 -0.180200 0.774815 0.015562
frame-000335.color.jpg 0.360835 0.926972 0.102568 0.000661 0.516218 2.225089 -0.186220 0.636239 0.011287
frame-000336.color.jpg 0.360987 0.926023 0.110297 -0.002286 0.505823 2.232401 -0.197393 0.590427 0.011048
frame-000337.color.jpg 0.358146 0.925743 0.121191 -0.006609 0.480828 2.240508 -0.196235 0.773369 0.014609
frame-000338.color.jpg 0.358452 0.924065 0.132285 -0.010809 0.455161 2.245634 -0.207835 0.790848 0.015293
frame-000339.color.jpg 0.354946 0.921599 0.155763 -0.020163 0.400353 2.265373 -0.216132 0.731594 0.013861
frame-000340.color.jpg 0.354116 0.919682 0.167878 -0.024572 0.365551 2.273412 -0.227194 0.752633 0.014391
frame-000341.color.jpg 0.352418 0.917995 0.179597 -0.028844 0.327974 2.283525 -0.235525 0.628597 0.012223
frame-000342.color.jpg 0.351141 0.916903 0.186984 -0.032028 0.298586 2.291844 -0.239483 0.740436 0.015056
frame-000343.color.jpg 0.353204 0.908353 0.218719 -0.047993 0.172637 2.321489 -0.290009 0.592511 0.012685
frame-000344.color.jpg 0.351951 0.905562 0.230545 -0.054185 0.121653 2.332165 -0.299901 0.663983 0.015789
frame-000345.color.jpg 0.358349 0.889518 0.275255 -0.067669 -0.085668 2.343878 -0.365599 0.458342 0.012155
frame-000346.color.jpg 0.358967 0.886711 0.283079 -0.068945 -0.124457 2.344917 -0.376359 0.491643 0.012499
frame-000347.color.jpg 0.359203 0.883015 0.293860 -0.070037 -0.171643 2.351972 -0.389769 0.279133 0.007204
frame-000348.color.jpg 0.364025 0.877914 0.301831 -0.075170 -0.211203 2.353892 -0.423950 0.220986 0.007020
frame-000349.color.jpg 0.367584 0.875847 0.302365 -0.079687 -0.205348 2.374640 -0.454956 0.306688 0.007728
frame-000350.color.jpg 0.371177 0.876529 0.294852 -0.083586 -0.150937 2.395767 -0.488801 0.268084 0.006566
frame-000351.color.jpg 0.369118 0.879916 0.286490 -0.086159 -0.085157 2.416779 -0.491900 0.372365 0.008079
frame-000352.color.jpg 0.370687 0.881911 0.280820 -0.077226 -0.034720 2.436852 -0.495338 0.248089 0.005111
frame-000353.color.jpg 0.380969 0.879092 0.275687 -0.077823 0.024264 2.460777 -0.552370 0.336260 0.007115
frame-000354.color.jpg 0.388057 0.876008 0.275514 -0.078190 0.041381 2.467977 -0.590716 0.282796 0.005716
frame-000355.color.jpg 0.394660 0.872800 0.276127 -0.078848 0.049626 2.470298 -0.628241 0.381411 0.007826
frame-000356.color.jpg 0.399862 0.870525 0.275251 -0.080826 0.065816 2.475753 -0.660847 0.381043 0.007413
frame-000357.color.jpg 0.407354 0.867147 0.274701 -0.081602 0.084074 2.478854 -0.703137 0.342940 0.006534
frame-000358.color.jpg 0.410065 0.866038 0.273710 -0.083107 0.099199 2.479329 -0.721907 0.315914 0.005253
frame-000359.color.jpg 0.413710 0.865428 0.270289 -0.082600 0.127804 2.478241 -0.741480 0.309050 0.005262
frame-000360.color.jpg 0.422099 0.862607 0.267442 -0.078850 0.141913 2.474382 -0.782881 0.419303 0.008418
frame-000361.color.jpg 0.429502 0.859897 0.265738 -0.074086 0.140794 2.474386 -0.815529 0.349325 0.007520
frame-000362.color.jpg 0.433455 0.858625 0.264188 -0.071304 0.135524 2.484602 -0.838245 0.404234 0.006792
frame-000363.color.jpg 0.445645 0.851356 0.268489 -0.067137 0.097858 2.474235 -0.901894 0.541896 0.011798
frame-000364.color.jpg 0.453236 0.847966 0.267568 -0.062749 0.087350 2.475085 -0.940964 0.579788 0.011328
frame-000365.color.jpg 0.456648 0.844919 0.270921 -0.064697 0.054776 2.475058 -0.977766 0.632931 0.013604
frame-000366.color.jpg 0.457380 0.844020 0.272745 -0.063590 0.044360 2.485735 -0.984071 0.526945 0.009571
frame-000367.color.jpg 0.460964 0.838800 0.281277 -0.069349 -0.008720 2.479582 -1.028527 0.631187 0.012754
frame-000368.color.jpg 0.464583 0.832352 0.291961 -0.078177 -0.064147 2.479169 -1.069854 0.481245 0.008386
frame-000369.color.jpg 0.466161 0.824676 0.307540 -0.089569 -0.142359 2.468271 -1.094074 0.423419 0.007074
frame-000370.color.jpg 0.462415 0.819836 0.324449 -0.093670 -0.229775 2.463864 -1.083437 0.297298 0.005547
frame-000371.color.jpg 0.457240 0.814607 0.343797 -0.095660 -0.324190 2.459510 -1.055867 0.321623 0.006624
frame-000372.color.jpg 0.453608 0.807798 0.362166 -0.102656 -0.422317 2.440604 -1.045853 0.101382 0.001782
frame-000373.color.jpg 0.448714 0.801716 0.380683 -0.104826 -0.514511 2.424934 -1.016490 0.187049 0.004838
frame-000374.color.jpg 0.441997 0.801156 0.389769 -0.104251 -0.557962 2.423948 -0.978521 0.283106 0.007503
frame-000375.color.jpg 0.434789 0.802769 0.394828 -0.103110 -0.578945 2.428228 -0.937926 0.332833 0.008551
frame-000376.color.jpg 0.431258 0.803642 0.397702 -0.100046 -0.595600 2.424878 -0.917052 0.201406 0.006893
frame-000377.color.jpg 0.426860 0.805836 0.399315 -0.094689 -0.602641 2.430216 -0.890425 0.268174 0.005875
frame-000378.color.jpg 0.424048 0.805832 0.401938 -0.096250 -0.616060 2.430365 -0.873971 0.331968 0.008223
frame-000379.color.jpg 0.423994 0.803508 0.405844 -0.099472 -0.631801 2.421295 -0.871202 0.304772 0.007413
frame-000380.color.jpg 0.424108 0.800400 0.410230 -0.105848 -0.650454 2.413954 -0.873452 0.408975 0.009201
frame-000381.color.jpg 0.426315 0.796732 0.413058 -0.113390 -0.659611 2.402939 -0.886207 0.377250 0.008323
frame-000382.color.jpg 0.429558 0.790555 0.419507 -0.120484 -0.690733 2.379416 -0.905074 0.259732 0.006202
frame-000383.color.jpg 0.431612 0.782725 0.429208 -0.129737 -0.739288 2.354831 -0.915855 0.249292 0.007323
frame-000384.color.jpg 0.433129 0.779319 0.432812 -0.133171 -0.753507 2.343051 -0.924081 0.259213 0.005071
frame-000385.color.jpg 0.435273 0.769811 0.445113 -0.140721 -0.819964 2.302713 -0.933297 0.173082 0.005827
frame-000386.color.jpg 0.435600 0.763970 0.453589 -0.144430 -0.861059 2.282404 -0.933028 0.169744 0.004943
frame-000387.color.jpg 0.438950 0.757096 0.459512 -0.151584 -0.901247 2.259434 -0.951427 0.235527 0.009080
frame-000388.color.jpg 0.441610 0.754497 0.460314 -0.154356 -0.910335 2.250742 -0.964721 0.249346 0.009693
frame-000389.color.jpg 0.443481 0.752127 0.461060 -0.158282 -0.920192 2.242676 -0.979323 0.302932 0.010787
frame-000390.color.jpg 0.444679 0.748618 0.464240 -0.162214 -0.943672 2.238570 -0.987873 0.193427 0.008080
frame-000391.color.jpg 0.446867 0.743739 0.468615 -0.166020 -0.974451 2.223107 -1.001714 0.206388 0.007719
frame-000392.color.jpg 0.449022 0.739758 0.472440 -0.167144 -1.003111 2.216107 -1.017119 0.202205 0.008034
frame-000393.color.jpg 0.450472 0.737673 0.476535 -0.160710 -1.024468 2.221407 -1.026509 0.120913 0.004435
frame-000394.color.jpg 0.454595 0.741087 0.467582 -0.159690 -0.961180 2.245962 -1.061297 0.233431 0.003996
frame-000395.color.jpg 0.454255 0.748555 0.455209 -0.161563 -0.864432 2.288325 -1.076406 0.301138 0.007476
frame-000396.color.jpg 0.454323 0.753168 0.444465 -0.169643 -0.780864 2.319766 -1.094276 0.234245 0.007070
frame-000397.color.jpg 0.455802 0.753703 0.442095 -0.169492 -0.759993 2.319427 -1.104866 0.428080 0.011096
frame-000398.color.jpg 0.461233 0.757549 0.427249 -0.175617 -0.625922 2.347178 -1.157234 0.599241 0.014330
frame-000399.color.jpg 0.465250 0.756512 0.423191 -0.179282 -0.588339 2.346493 -1.187267 0.656715 0.014928
frame-000400.color.jpg 0.469084 0.754993 0.420811 -0.181282 -0.562609 2.343842 -1.211517 0.614898 0.014230
frame-000401.color.jpg 0.471065 0.754014 0.420099 -0.181874 -0.549661 2.340301 -1.224199 0.651063 0.015467
frame-000402.color.jpg 0.469287 0.753318 0.422882 -0.182903 -0.559542 2.344742 -1.217504 0.601760 0.014540
frame-000403.color.jpg 0.466023 0.752007 0.428394 -0.183812 -0.585768 2.357368 -1.208228 0.482832 0.011446
frame-000404.color.jpg 0.464946 0.746139 0.435742 -0.192951 -0.631678 2.353520 -1.221560 0.476117 0.011504
frame-000405.color.jpg 0.461891 0.733649 0.453678 -0.206379 -0.747087 2.337631 -1.230912 0.393795 0.010085
frame-000406.color.jpg 0.461470 0.731464 0.456636 -0.208541 -0.767038 2.335731 -1.235898 0.374342 0.009700
frame-000407.color.jpg 0.460319 0.719137 0.473006 -0.217287 -0.876381 2.308655 -1.243517 0.535270 0.012897
frame-000408.color.jpg 0.458632 0.710429 0.485496 -0.221905 -0.961768 2.292106 -1.242571 0.566098 0.012864
frame-000409.color.jpg 0.456956 0.698182 0.501317 -0.228941 -1.073477 2.257365 -1.238638 0.586638 0.013649
frame-000410.color.jpg 0.456300 0.688647 0.513379 -0.232374 -1.156908 2.229560 -1.234887 0.566439 0.013032
frame-000411.color.jpg 0.455959 0.679197 0.525185 -0.234464 -1.228737 2.197242 -1.228057 0.538293 0.013195
frame-000412.color.jpg 0.453994 0.672392 0.532916 -0.240373 -1.273758 2.179921 -1.216401 0.502975 0.012260
frame-000413.color.jpg 0.457169 0.665428 0.535495 -0.247884 -1.291514 2.153875 -1.236633 0.691262 0.016169
frame-000414.color.jpg 0.461858 0.664203 0.533698 -0.246350 -1.272051 2.145329 -1.263811 0.865093 0.019129
frame-000415.color.jpg 0.459632 0.668887 0.531160 -0.243306 -1.228107 2.174239 -1.254632 0.679999 0.015334
frame-000416.color.jpg 0.457685 0.674684 0.526187 -0.241771 -1.173533 2.204636 -1.250625 0.674126 0.014374
frame-000417.color.jpg 0.455304 0.678682 0.523725 -0.240420 -1.135468 2.228071 -1.236792 0.631903 0.014529
frame-000418.color.jpg 0.460612 0.679362 0.517921 -0.240960 -1.077714 2.222638 -1.269408 0.970151 0.020654
frame-000419.color.jpg 0.464076 0.679392 0.515460 -0.239502 -1.040149 2.220368 -1.281455 0.958187 0.021111
frame-000420.color.jpg 0.467847 0.677557 0.514025 -0.240447 -1.015316 2.205196 -1.298341 1.149272 0.025378
frame-000421.color.jpg 0.465825 0.679030 0.514019 -0.240231 -0.995295 2.218527 -1.280362 0.929910 0.020235
frame-000422.color.jpg 0.467132 0.679401 0.511527 -0.241955 -0.961175 2.213230 -1.280864 1.028105 0.023213
frame-000423.color.jpg 0.465425 0.680927 0.510577 -0.242960 -0.941542 2.214836 -1.269817 1.097531 0.024017
frame-000424.color.jpg 0.462711 0.685072 0.507817 -0.242274 -0.900117 2.226778 -1.246658 0.994719 0.022034
frame-000425.color.jpg 0.458920 0.689869 0.506604 -0.238380 -0.868324 2.243388 -1.216819 0.756707 0.017567
frame-000426.color.jpg 0.455887 0.695138 0.504216 -0.233916 -0.829071 2.249225 -1.187291 0.814815 0.019960
frame-000427.color.jpg 0.451759 0.698717 0.505010 -0.229507 -0.805817 2.254263 -1.148332 0.717825 0.019786
frame-000428.color.jpg 0.447232 0.696907 0.511110 -0.230372 -0.831945 2.238863 -1.109202 0.662077 0.019154
frame-000429.color.jpg 0.443221 0.693837 0.520211 -0.226994 -0.880064 2.215411 -1.068802 0.824205 0.020970
frame-000430.color.jpg 0.439464 0.691111 0.526933 -0.227109 -0.912726 2.197836 -1.035295 0.916613 0.022605
frame-000431.color.jpg 0.432404 0.688545 0.536617 -0.225777 -0.967520 2.188926 -0.973518 0.565647 0.015693
frame-000432.color.jpg 0.425763 0.683944 0.548083 -0.224834 -1.032922 2.164840 -0.912979 0.332697 0.007414
frame-000433.color.jpg 0.423353 0.679840 0.553577 -0.228345 -1.067008 2.133074 -0.876097 0.298932 0.007530
frame-000434.color.jpg 0.417835 0.679629 0.556878 -0.231095 -1.088136 2.116029 -0.821668 0.287106 0.007031
frame-000435.color.jpg 0.413992 0.680210 0.559595 -0.229737 -1.102792 2.097500 -0.774009 0.223471 0.006652
frame-000436.color.jpg 0.413197 0.682281 0.558124 -0.228603 -1.091854 2.086305 -0.745614 0.175546 0.008183
frame-000437.color.jpg 0.412238 0.687364 0.557197 -0.217076 -1.075865 2.088242 -0.711478 0.557802 0.013568
frame-000438.color.jpg 0.418904 0.691825 0.547862 -0.213883 -1.013150 2.089785 -0.739076 0.417239 0.008965
frame-000439.color.jpg 0.420151 0.703674 0.532635 -0.211226 -0.894280 2.117701 -0.740045 0.716853 0.016806
frame-000440.color.jpg 0.410603 0.717947 0.519438 -0.214807 -0.769000 2.155932 -0.705017 0.513101 0.011278
frame-000441.color.jpg 0.410189 0.726263 0.508763 -0.213186 -0.673859 2.168039 -0.693973 0.617563 0.015077
frame-000442.color.jpg 0.405328 0.736274 0.496449 -0.217134 -0.543729 2.170011 -0.677992 0.341599 0.008662
frame-000443.color.jpg 0.398413 0.739898 0.498305 -0.213331 -0.494111 2.161302 -0.633014 0.194327 0.007506
frame-000444.color.jpg 0.392773 0.737804 0.505954 -0.213039 -0.494301 2.145365 -0.594700 0.210414 0.011563
frame-000445.color.jpg 0.391215 0.733624 0.513565 -0.212124 -0.512986 2.136273 -0.579756 0.345299 0.011157
frame-000446.color.jpg 0.391885 0.730341 0.517736 -0.212077 -0.515366 2.125261 -0.579593 0.174725 0.008880
frame-000447.color.jpg 0.391227 0.724499 0.523865 -0.218194 -0.532737 2.110513 -0.581501 0.113768 0.008085
frame-000448.color.jpg 0.391235 0.716202 0.530056 -0.230282 -0.554423 2.095992 -0.595590 0.283954 0.006221
frame-000449.color.jpg 0.394494 0.710555 0.533193 -0.234927 -0.561876 2.087323 -0.610337 0.081475 0.003169
frame-000450.color.jpg 0.397299 0.707838 0.533789 -0.237038 -0.562789 2.085544 -0.620583 0.168385 0.002071
frame-000451.color.jpg 0.403406 0.704539 0.533349 -0.237543 -0.555097 2.085703 -0.646534 0.378826 0.010880
frame-000452.color.jpg 0.407617 0.697538 0.534900 -0.247328 -0.571652 2.082465 -0.683096 0.389256 0.010003
frame-000453.color.jpg 0.409836 0.685003 0.546520 -0.253222 -0.641516 2.090983 -0.714809 0.114948 0.003479
frame-000454.color.jpg 0.405104 0.673629 0.559475 -0.262875 -0.710144 2.095613 -0.730031 0.169103 0.006860
frame-000455.color.jpg 0.404534 0.670910 0.562601 -0.264030 -0.733331 2.095046 -0.733127 0.238698 0.007750
frame-000456.color.jpg 0.408505 0.664627 0.565991 -0.266551 -0.766510 2.100111 -0.775052 0.308447 0.009835
frame-000457.color.jpg 0.411828 0.658180 0.569901 -0.269090 -0.811699 2.119879 -0.822712 0.203184 0.006039
frame-000458.color.jpg 0.414987 0.653303 0.570386 -0.275029 -0.827685 2.114998 -0.860738 0.253492 0.008526
frame-000459.color.jpg 0.417650 0.649982 0.571492 -0.276566 -0.848129 2.124119 -0.887882 0.278334 0.004129
frame-000460.color.jpg 0.420804 0.654645 0.563305 -0.277580 -0.804933 2.145313 -0.923197 0.258239 0.004239
frame-000461.color.jpg 0.425589 0.666789 0.549407 -0.269107 -0.720997 2.185610 -0.964063 0.205208 0.000800
frame-000462.color.jpg 0.431721 0.684204 0.525086 -0.264133 -0.569625 2.238283 -1.021241 0.272838 0.002828
frame-000463.color.jpg 0.438684 0.700377 0.499574 -0.259718 -0.404666 2.282051 -1.072813 0.045756 0.001758
frame-000464.color.jpg 0.445362 0.712934 0.480179 -0.250610 -0.260537 2.314855 -1.106897 0.268595 0.005152
frame-000465.color.jpg 0.447985 0.719288 0.470110 -0.246841 -0.183120 2.332447 -1.117873 0.527226 0.011469
frame-000466.color.jpg 0.450666 0.720463 0.466154 -0.246036 -0.154904 2.328529 -1.131575 0.717703 0.015351
frame-000467.color.jpg 0.453024 0.725951 0.456681 -0.243325 -0.092223 2.346435 -1.141261 0.563725 0.011661
frame-000468.color.jpg 0.461764 0.738692 0.429774 -0.237491 0.081105 2.357352 -1.178177 0.823204 0.017657
frame-000469.color.jpg 0.463332 0.744166 0.419651 -0.235442 0.151383 2.370078 -1.185516 0.894729 0.019161
frame-000470.color.jpg 0.464993 0.746138 0.413273 -0.237201 0.211424 2.369824 -1.208052 1.087349 0.024639
frame-000471.color.jpg 0.465006 0.746372 0.411537 -0.239451 0.224539 2.364396 -1.214250 1.044614 0.024243
frame-000472.color.jpg 0.465912 0.744685 0.412360 -0.241515 0.256817 2.356793 -1.234064 1.757279 0.038211
frame-000473.color.jpg 0.462702 0.742796 0.418438 -0.243045 0.230735 2.373058 -1.227225 1.373863 0.031921
frame-000474.color.jpg 0.459728 0.739112 0.423512 -0.251000 0.202989 2.372594 -1.231919 0.976571 0.021818
frame-000475.color.jpg 0.459810 0.736156 0.426158 -0.255027 0.195864 2.364119 -1.247204 0.994745 0.023240
frame-000476.color.jpg 0.460127 0.733239 0.429400 -0.257408 0.186450 2.358628 -1.260635 1.131917 0.026281
frame-000477.color.jpg 0.458814 0.731905 0.431633 -0.259803 0.171510 2.358885 -1.258477 0.885086 0.019864
frame-000478.color.jpg 0.456132 0.731293 0.436961 -0.257332 0.165920 2.374347 -1.242390 0.967006 0.021665
frame-000479.color.jpg 0.453724 0.731161 0.439576 -0.257509 0.175820 2.373713 -1.235130 0.762507 0.017731
frame-000480.color.jpg 0.451792 0.729603 0.440180 -0.264205 0.181846 2.352221 -1.268061 1.053161 0.026189
frame-000481.color.jpg 0.452835 0.730722 0.443287 -0.253934 0.189376 2.376076 -1.235304 1.208874 0.029937
frame-000482.color.jpg 0.443369 0.727350 0.455700 -0.258309 0.151449 2.385654 -1.211153 0.796388 0.019989
frame-000483.color.jpg 0.434623 0.727638 0.465105 -0.255585 0.117171 2.413082 -1.168067 0.770233 0.019567
frame-000484.color.jpg 0.428417 0.722431 0.475882 -0.260939 0.050578 2.412719 -1.157226 0.218039 0.008963
frame-000485.color.jpg 0.424444 0.721750 0.483593 -0.255072 0.025246 2.424735 -1.116218 0.516593 0.012248
frame-000486.color.jpg 0.416814 0.726947 0.484086 -0.251944 0.041722 2.444890 -1.077407 0.886247 0.019709
frame-000487.color.jpg 0.416176 0.727053 0.484474 -0.251945 0.038763 2.445016 -1.076648 0.885249 0.019002
frame-000488.color.jpg 0.401933 0.732517 0.487285 -0.253816 0.005673 2.449431 -0.998042 1.671285 0.030231
frame-000489.color.jpg 0.408629 0.742960 0.477056 -0.231192 0.108462 2.466984 -0.978454 1.285411 0.024343
frame-000490.color.jpg 0.402129 0.744499 0.477262 -0.237139 0.085543 2.450355 -0.952450 0.772214 0.013742
frame-000491.color.jpg 0.403117 0.750186 0.471547 -0.228827 0.140013 2.453369 -0.936269 0.455840 0.007799
frame-000492.color.jpg 0.399079 0.750611 0.473989 -0.229466 0.123024 2.446200 -0.916109 0.149590 0.005281
