2012-03-31_1333216397400315.color.png 0.407779 0.513153 -0.484490 -0.579362 -21.988560 -120.057060 256.206512 13.732086 195.869949
2012-03-31_1333216398600411.color.png 0.431407 0.469792 -0.489026 -0.595010 9.693998 -87.931931 214.225449 15.319010 143.708633
2012-03-31_1333216399600489.color.png 0.423190 0.539973 -0.423348 -0.591706 12.440686 -114.927002 200.013184 21.517002 141.688293
2012-03-31_1333216400800577.color.png 0.398971 0.517908 -0.507228 -0.561527 -13.933246 -99.420204 224.899048 17.236428 154.536987
2012-03-31_1333216401800654.color.png 0.505359 0.512485 -0.447231 -0.530996 63.924950 -48.245975 239.120758 9.083766 168.341187
2012-03-31_1333216403000751.color.png 0.384853 0.532808 -0.504500 -0.559897 12.113438 -110.867821 234.044617 13.552242 167.164490
2012-03-31_1333216404000827.color.png 0.422502 0.502771 -0.498617 -0.565769 -0.992906 -99.948090 238.803391 14.170109 162.049194
2012-03-31_1333216405000913.color.png 0.436248 0.485387 -0.479045 -0.587029 -4.791425 -99.973335 228.610138 20.597632 150.795135
2012-03-31_1333216406200998.color.png 0.417602 0.501994 -0.492884 -0.575044 22.958414 -99.077766 228.129547 19.049992 152.417786
2012-03-31_1333216407401091.color.png 0.399194 0.523791 -0.493310 -0.568272 -11.789804 -92.988403 212.483444 15.888943 133.323151
2012-03-31_1333216408401197.color.png 0.394972 0.535394 -0.477627 -0.573779 -1.793021 -99.931931 211.922714 15.684882 134.943436
2012-03-31_1333216409401248.color.png 0.385274 0.558496 -0.481026 -0.555212 -11.096678 -103.243820 211.535187 14.668627 134.414246
2012-03-31_1333216410401323.color.png 0.406799 0.519080 -0.478483 -0.579763 2.646639 -98.753334 215.571320 17.540669 133.770279
2012-03-31_1333216411601425.color.png 0.419196 0.483290 -0.489668 -0.592394 9.989698 -91.549744 217.478180 21.013833 130.732605
2012-03-31_1333216412601491.color.png 0.411307 0.537818 -0.477355 -0.560098 -0.723593 -100.647156 215.736160 18.886718 131.100113
2012-03-31_1333216413601569.color.png 0.434249 0.517738 -0.491247 -0.549592 0.417390 -82.744392 240.562866 15.726750 147.692596
2012-03-31_1333216414601647.color.png 0.412288 0.532331 -0.479592 -0.562702 -16.272339 -99.486336 214.198349 15.264506 126.142105
2012-03-31_1333216415801740.color.png 0.410936 0.520163 -0.496564 -0.560344 -14.957790 -96.304581 224.827179 8.234157 132.515625
2012-03-31_1333216416801832.color.png 0.421463 0.497549 -0.486792 -0.581247 -4.444519 -89.310349 212.515259 8.236695 117.430481
2012-03-31_1333216417801893.color.png 0.490740 0.482014 -0.488120 -0.537193 23.345234 -58.253750 226.729431 6.037654 121.913330
2012-03-31_1333216418802080.color.png 0.405499 0.500895 -0.497252 -0.580875 1.055752 -88.887527 217.187653 17.006981 120.318481
2012-03-31_1333216419802046.color.png 0.406934 0.514811 -0.484802 -0.578222 -16.057596 -104.650070 224.649963 19.106658 129.585709
2012-03-31_1333216421002138.color.png 0.401965 0.528470 -0.492153 -0.562965 -16.950829 -96.725906 210.443115 12.949085 112.619324
2012-03-31_1333216422002239.color.png 0.415184 0.492416 -0.528295 -0.553220 -10.348345 -98.847672 175.460693 7.474422 74.631226
2012-03-31_1333216423002732.color.png 0.396506 0.527286 -0.487401 -0.572007 -10.142511 -110.763229 227.048111 12.355958 130.031906
2012-03-31_1333216424002402.color.png 0.390172 0.523403 -0.491956 -0.576016 -7.372688 -102.618698 214.904190 18.547908 115.315453
2012-03-31_1333216425002455.color.png 0.415025 0.513817 -0.480320 -0.577095 -0.488972 -96.252701 218.811096 17.580483 114.858871
2012-03-31_1333216426002525.color.png 0.420124 0.546663 -0.456634 -0.562263 -2.557674 -103.618088 206.319077 15.951208 104.525017
2012-03-31_1333216427202609.color.png 0.408427 0.528533 -0.483585 -0.565672 -2.369139 -89.781982 238.030701 11.962828 131.130005
2012-03-31_1333216428202700.color.png 0.414922 0.508715 -0.491595 -0.572174 -4.386703 -93.044861 214.353760 12.028292 104.396736
2012-03-31_1333216429402818.color.png 0.421761 0.485305 -0.498130 -0.581775 -6.802992 -89.279495 219.392700 10.536482 105.358879
2012-03-31_1333216430603142.color.png 0.413639 0.510909 -0.490844 -0.571792 0.281424 -97.693817 218.620163 9.138448 106.542480
2012-03-31_1333216431602980.color.png 0.423041 0.521707 -0.489680 -0.555942 -25.543213 -59.289314 148.420258 14.391357 40.250370
2012-03-31_1333216432803051.color.png 0.406812 0.498644 -0.511410 -0.569489 -7.165402 -88.642281 222.123611 17.863354 103.856705
2012-03-31_1333216433803131.color.png 0.431622 0.511538 -0.485743 -0.562215 0.248795 -87.368454 223.054764 15.824503 103.256302
2012-03-31_1333216435003221.color.png 0.402457 0.524723 -0.498410 -0.560609 -21.137552 -91.287033 212.890594 11.290044 94.322617
2012-03-31_1333216436003301.color.png 0.373649 0.523304 -0.483961 -0.593566 -6.394970 -109.755783 209.227646 11.357905 97.335220
2012-03-31_1333216437003392.color.png 0.405928 0.526000 -0.489620 -0.564640 -4.067032 -98.890770 217.324112 4.226318 97.498131
2012-03-31_1333216438203462.color.png 0.412333 0.511662 -0.527309 -0.538636 -21.424740 -105.824272 183.232697 7.174343 63.893795
2012-03-31_1333216439203544.color.png 0.385203 0.541780 -0.521765 -0.534653 -2.992374 -91.791588 154.593109 13.049746 39.490135
2012-03-31_1333216440403689.color.png 0.403623 0.505674 -0.501102 -0.574699 -1.819348 -96.529526 217.760498 14.010114 92.239326
2012-03-31_1333216441403739.color.png 0.421699 0.512647 -0.506222 -0.550547 -3.462044 -97.923233 252.433929 13.215180 122.700363
2012-03-31_1333216442403791.color.png 0.399931 0.538175 -0.480264 -0.565481 -12.034402 -96.256058 218.364624 19.945484 92.491875
2012-03-31_1333216443603962.color.png 0.420165 0.506887 -0.492441 -0.569234 -3.522906 -88.653107 224.177795 12.463850 91.519974
2012-03-31_1333216444803979.color.png 0.441971 0.475643 -0.502882 -0.570558 -16.596777 -94.023605 176.200027 6.351927 44.071354
2012-03-31_1333216445804085.color.png 0.425443 0.506788 -0.492336 -0.565482 -25.869854 -64.146851 174.530960 7.571425 44.637405
2012-03-31_1333216446804185.color.png 0.393322 0.518146 -0.505969 -0.566408 -23.295006 -94.283455 211.338791 13.898954 76.707237
2012-03-31_1333216447804213.color.png 0.411088 0.506878 -0.498313 -0.570759 -4.323152 -87.400902 220.816818 17.586289 82.650040
2012-03-31_1333216449004303.color.png 0.415904 0.527178 -0.510150 -0.537452 -10.624068 -82.171814 222.959961 14.255725 81.282211
2012-03-31_1333216450004382.color.png 0.423373 0.496136 -0.520737 -0.550851 -16.615450 -103.814087 168.515228 9.529269 37.337372
2012-03-31_1333216451204472.color.png 0.402882 0.511811 -0.501931 -0.569035 -14.041455 -89.226532 212.786499 10.798305 70.464813
2012-03-31_1333216452404568.color.png 0.396290 0.534474 -0.514072 -0.541315 9.113325 -82.835617 151.615738 11.321218 33.596336
2012-03-31_1333216453404669.color.png 0.427455 0.502692 -0.489328 -0.570211 -22.557964 -78.229645 184.708496 12.539451 40.845684
2012-03-31_1333216454604737.color.png 0.378607 0.542517 -0.482823 -0.573772 -8.284153 -106.347031 209.786865 16.826019 71.781250
2012-03-31_1333216455804834.color.png 0.371511 0.533964 -0.509704 -0.563084 -7.888887 -102.999428 242.987167 10.448910 101.385948
2012-03-31_1333216457004936.color.png 0.429634 0.492950 -0.473229 -0.590313 -16.636541 -111.770660 243.834671 9.229995 98.046768
2012-03-31_1333216458205014.color.png 0.392964 0.516674 -0.490709 -0.581233 -7.937076 -96.604057 216.589081 14.852045 68.519272
2012-03-31_1333216459405137.color.png 0.408413 0.512378 -0.501096 -0.565305 -2.710212 -89.775269 221.812134 9.923646 68.720352
2012-03-31_1333216460405184.color.png 0.413237 0.506171 -0.491679 -0.575568 7.985327 -104.787849 229.110519 9.176824 78.102226
2012-03-31_1333216461405259.color.png 0.452654 0.503223 -0.474133 -0.563089 12.286530 -86.643822 216.023254 8.285844 57.227905
2012-03-31_1333216462605357.color.png 0.432485 0.508779 -0.481036 -0.568071 -13.223161 -84.112144 230.311340 11.100430 71.408684
2012-03-31_1333216463605434.color.png 0.414140 0.515631 -0.487732 -0.569851 -12.391841 -90.598145 223.203934 7.403489 64.091110
2012-03-31_1333216464805557.color.png 0.419478 0.503909 -0.489490 -0.574904 -17.599550 -97.924591 225.693481 5.852044 65.406937
2012-03-31_1333216465805616.color.png 0.398439 0.527541 -0.483282 -0.573922 -3.767379 -99.247421 220.255875 5.335012 62.587387
2012-03-31_1333216467005823.color.png 0.413691 0.509423 -0.492081 -0.572017 7.661283 -97.702049 228.847626 7.247714 67.688171
2012-03-31_1333216468005768.color.png 0.418457 0.575449 -0.429949 -0.555785 0.992557 -109.308083 212.498215 8.116929 57.219006
2012-03-31_1333216469005848.color.png 0.423753 0.490089 -0.488601 -0.584392 -0.107981 -89.186493 211.242249 8.339415 42.754696
2012-03-31_1333216470205943.color.png 0.386474 0.525341 -0.480236 -0.586539 -4.602213 -109.791641 211.844803 9.336583 51.851242
2012-03-31_1333216471206031.color.png 0.426445 0.564243 -0.424644 -0.565201 -2.184499 -109.418243 207.278976 3.489427 47.169220
2012-03-31_1333216472406114.color.png 0.433578 0.499992 -0.477531 -0.577911 4.884847 -90.055588 214.359528 13.009337 41.870975
2012-03-31_1333216473606201.color.png 0.413365 0.532913 -0.466786 -0.572052 -5.116841 -104.422531 220.656372 8.928381 52.019947
2012-03-31_1333216474806295.color.png 0.412168 0.544600 -0.464614 -0.563616 -1.441000 -103.529861 208.821518 12.310646 39.906712
2012-03-31_1333216475806391.color.png 0.415893 0.545313 -0.461769 -0.562527 -1.941530 -102.629517 209.451126 19.148388 38.411148
2012-03-31_1333216477006464.color.png 0.812220 -0.418968 -0.280101 0.293783 -13.672943 141.615341 -178.569473 170.199339 30.958668
2012-03-31_1333216478006544.color.png 0.446027 0.545687 -0.486175 -0.516643 2.248497 -77.735680 222.109283 21.714266 41.170345
2012-03-31_1333216479206625.color.png 0.398056 0.512928 -0.488250 -0.583154 -11.284105 -95.733017 212.054916 13.007295 34.139053
2012-03-31_1333216480206712.color.png 0.412765 0.519401 -0.467924 -0.583862 -5.899345 -132.052826 255.098801 11.145072 85.209656
2012-03-31_1333216481406806.color.png 0.406242 0.534160 -0.474914 -0.569295 -9.837245 -97.054230 211.716385 12.419799 31.626125
2012-03-31_1333216482606898.color.png 0.426364 0.533948 -0.458315 -0.568385 2.772142 -102.285286 208.749466 15.442424 28.336781
2012-03-31_1333216483806990.color.png 0.410285 0.532517 -0.492535 -0.552722 -15.171431 -103.026932 230.595779 18.394801 47.310463
2012-03-31_1333216484807065.color.png 0.413617 0.504875 -0.489038 -0.578674 3.004812 -86.647293 225.104324 17.532394 37.936787
2012-03-31_1333216486007159.color.png 0.528711 0.481251 -0.490902 -0.497872 16.865047 -36.369305 235.883347 18.873730 32.277924
2012-03-31_1333216487207256.color.png 0.425892 0.523203 -0.451396 -0.584051 6.421939 -98.193886 216.304672 6.497792 29.271444
2012-03-31_1333216488207329.color.png 0.440115 0.518175 -0.471421 -0.561743 3.126801 -87.056221 215.593765 16.967390 21.982107
2012-03-31_1333216489207399.color.png 0.935683 -0.253611 -0.158407 0.187314 -12.944294 185.608276 -70.343407 169.464343 32.409248
2012-03-31_1333216490207487.color.png 0.387879 0.531678 -0.501448 -0.561622 -15.180933 -101.999168 216.303284 11.769842 29.083239
2012-03-31_1333216491407600.color.png 0.449448 0.484662 -0.499994 -0.559558 3.385480 -72.717651 220.931122 8.268672 18.147064
2012-03-31_1333216492607699.color.png 0.373965 0.504640 -0.508019 -0.589411 -17.280861 -98.367859 217.695908 20.588733 24.587105
2012-03-31_1333216493607761.color.png 0.453899 0.503734 -0.484850 -0.552402 4.204979 -79.726540 217.056046 12.331014 14.962897
2012-03-31_1333216494607825.color.png 0.387898 0.518966 -0.504309 -0.570861 -11.837264 -96.746231 217.194382 10.020150 23.405518
2012-03-31_1333216495607899.color.png 0.429632 0.521773 -0.486472 -0.553638 4.975710 -86.023804 219.234772 4.357589 20.887455
2012-03-31_1333216496808049.color.png 0.449177 0.491210 -0.509567 -0.545246 2.717041 -107.497604 233.978119 7.972638 50.721317
2012-03-31_1333216498008085.color.png 0.411721 -0.688716 -0.470276 0.367419 117.343323 -5.698345 -190.442917 161.797565 29.752155
2012-03-31_1333216499008165.color.png 0.444762 0.531068 -0.466284 -0.550211 11.839819 -86.783371 216.555679 8.850069 15.346928
2012-03-31_1333216500008231.color.png 0.391385 0.562127 -0.432847 -0.586067 36.625980 -95.546356 227.350098 24.686202 56.433907
2012-03-31_1333216501008316.color.png 0.417420 0.527641 -0.458223 -0.580850 2.199473 -108.742645 228.528610 16.069555 26.410860
2012-03-31_1333216502008414.color.png 0.423745 0.492678 -0.493135 -0.578383 3.290917 -83.696114 221.426071 12.096569 10.826746
2012-03-31_1333216503208489.color.png 0.423829 0.515471 -0.472391 -0.575765 0.002769 -88.332642 231.308960 16.361578 19.714960
2012-03-31_1333216504208567.color.png 0.453646 0.491918 -0.485499 -0.562595 10.530396 -78.584122 217.358109 12.781529 8.317142
2012-03-31_1333216505408655.color.png 0.409708 0.503771 -0.508212 -0.565751 -10.871310 -87.029434 217.024460 14.121239 9.256074
2012-03-31_1333216506608766.color.png 0.415444 0.548625 -0.495661 -0.529846 -3.427217 -70.102089 237.406097 16.816057 30.346273
2012-03-31_1333216507608825.color.png 0.389755 0.554127 -0.463348 -0.571264 -14.320431 -109.528824 203.300018 26.788039 7.123615
2012-03-31_1333216508808947.color.png 0.430654 -0.608246 -0.461633 0.481112 38.662674 8.462418 -276.815613 179.908562 45.978153
2012-03-31_1333216510009012.color.png 0.401171 0.545416 -0.506172 -0.534203 -12.540606 -91.059479 218.068069 23.978557 17.207460
2012-03-31_1333216511009093.color.png 0.396364 0.532929 -0.518338 -0.538709 -29.315285 -86.246826 212.010727 21.839171 12.508890
2012-03-31_1333216512009168.color.png 0.440187 0.507763 -0.485583 -0.559125 -11.806507 -101.627594 253.165710 15.804032 35.820045
2012-03-31_1333216513209285.color.png 0.398004 0.507236 -0.521042 -0.559302 -26.243309 -83.741867 228.694138 25.979770 5.297411
2012-03-31_1333216514409351.color.png 0.373429 0.531103 -0.521178 -0.553943 -20.184326 -98.028244 215.902359 26.258884 19.824558
2012-03-31_1333216515409427.color.png 0.394749 0.528083 -0.507621 -0.554637 -18.712772 -88.945763 221.461227 20.520684 8.422734
2012-03-31_1333216516409506.color.png 0.408774 0.531105 -0.500210 -0.548290 -13.383724 -87.687378 222.301407 14.914022 9.748051
2012-03-31_1333216517409585.color.png 0.405793 0.531365 -0.500489 -0.549994 -8.044096 -86.305260 218.798340 11.755759 17.286089
2012-03-31_1333216518609703.color.png 0.365422 0.558330 -0.529232 -0.524068 -30.490520 -93.986130 214.674271 20.730191 24.044884
2012-03-31_1333216519609753.color.png 0.370281 0.536142 -0.508372 -0.563030 -20.689411 -98.989746 214.703461 10.146893 17.565908
2012-03-31_1333216520609829.color.png 0.409590 0.506929 -0.489057 -0.579726 -10.052139 -96.675491 223.123642 9.255778 10.758418
2012-03-31_1333216521809922.color.png 0.435954 0.510365 -0.485480 -0.560162 -3.465957 -82.921875 226.253662 4.549491 11.333348
2012-03-31_1333216522810000.color.png 0.401929 0.515924 -0.507383 -0.561105 -21.594654 -88.549171 213.716568 7.967980 23.305267
2012-03-31_1333216523810076.color.png 0.421290 0.516434 -0.489486 -0.562328 -8.951612 -90.561554 212.680862 5.202140 26.021463
2012-03-31_1333216525010169.color.png 0.403115 0.528562 -0.492885 -0.561413 -23.916267 -87.360397 219.704666 6.298607 19.791077
2012-03-31_1333216526010239.color.png 0.440587 0.484915 -0.507410 -0.559710 -1.794735 -74.407097 217.840240 9.307299 29.541389
2012-03-31_1333216527010321.color.png 0.414236 0.551963 -0.459790 -0.558873 5.085270 -101.007072 211.894379 6.979342 28.043804
2012-03-31_1333216528210422.color.png 0.426084 0.484277 -0.501091 -0.576920 -6.854130 -82.126816 217.507080 7.202185 30.635118
2012-03-31_1333216529210494.color.png 0.392407 0.535705 -0.464585 -0.585830 -9.574908 -87.980095 240.918625 14.170165 23.621788
2012-03-31_1333216530210562.color.png 0.393566 0.541579 -0.495274 -0.553626 -20.763409 -99.062286 222.170349 21.634622 21.637699
2012-03-31_1333216531410663.color.png 0.456804 0.461873 -0.493635 -0.578210 20.646694 -77.294502 222.811584 29.590265 32.132217
2012-03-31_1333216532410744.color.png 0.468196 0.500406 -0.529745 -0.499756 -7.566147 -95.088615 279.435394 33.769343 51.875687
2012-03-31_1333216533410818.color.png 0.416916 0.534706 -0.480312 -0.556390 4.644520 -115.515671 250.016510 51.234441 24.403912
2012-03-31_1333216534610911.color.png 0.532866 0.408333 -0.490583 -0.555560 40.302654 -73.642639 270.648285 37.206714 40.567413
2012-03-31_1333216535610991.color.png 0.508342 0.510162 -0.451576 -0.526689 29.691830 -68.127037 222.303421 42.556843 37.056255
2012-03-31_1333216536811083.color.png 0.434905 0.498578 -0.469538 -0.584647 12.822432 -93.200851 237.748810 49.914309 15.810596
2012-03-31_1333216537811171.color.png 0.437691 0.522202 -0.501053 -0.533552 -5.173388 -99.789047 257.338379 48.478859 19.284029
2012-03-31_1333216538811250.color.png 0.726132 0.141959 -0.671876 -0.034110 -14.059093 205.176102 113.263992 31.146848 42.532948
2012-03-31_1333216540011317.color.png 0.445022 0.510537 -0.453789 -0.579123 16.200983 -101.148415 217.421234 67.215625 36.359856
2012-03-31_1333216541011402.color.png 0.410270 0.501275 -0.498289 -0.576290 -5.458915 -90.653870 214.481186 67.235843 43.706844
2012-03-31_1333216542011484.color.png 0.394700 0.513069 -0.500948 -0.574476 -31.903736 -85.765503 222.489090 68.480754 40.448635
2012-03-31_1333216543211577.color.png 0.501192 0.494882 -0.479404 -0.523518 23.746792 -57.624687 227.384277 64.352874 42.891182
2012-03-31_1333216544211677.color.png 0.466212 0.481468 -0.476207 -0.569265 14.717569 -78.313774 215.510071 71.305262 49.548744
2012-03-31_1333216545411779.color.png 0.449631 0.518771 -0.482564 -0.543912 6.330769 -85.257950 220.952057 67.864077 43.795784
2012-03-31_1333216546411847.color.png 0.416078 0.501633 -0.503803 -0.566945 -19.499826 -107.902931 255.972992 71.561736 11.884467
2012-03-31_1333216547411899.color.png 0.381640 0.529235 -0.499448 -0.569924 -24.266907 -99.183426 206.055878 79.995510 51.898964
2012-03-31_1333216548413145.color.png 0.429801 0.517819 -0.485904 -0.557703 -5.564303 -88.476868 211.734482 69.660205 53.194618
2012-03-31_1333216549612068.color.png 0.427995 0.514605 -0.517360 -0.533236 -18.346909 -102.673546 263.535614 65.758794 10.853328
2012-03-31_1333216550612144.color.png 0.427626 0.531200 -0.483442 -0.548859 -5.557122 -88.650116 212.852676 70.076040 54.283199
2012-03-31_1333216551612256.color.png 0.437535 0.447149 -0.503868 -0.595598 17.139446 -76.857529 221.621078 67.560085 51.379765
2012-03-31_1333216552812332.color.png 0.430929 0.501444 -0.501259 -0.558205 13.661928 -92.844254 230.714523 60.385921 43.465061
2012-03-31_1333216554012567.color.png 0.427700 0.522123 -0.482780 -0.558018 0.477571 -93.862900 241.384369 49.676792 32.494320
2012-03-31_1333216555012521.color.png 0.479259 0.466818 -0.463711 -0.580830 23.819920 -115.314316 267.381256 39.080249 16.885775
2012-03-31_1333216556012552.color.png 0.431063 0.520442 -0.482981 -0.556825 -19.941149 -115.142868 264.816803 35.333976 15.238619
2012-03-31_1333216557212661.color.png 0.461196 0.513111 -0.491925 -0.531060 11.205235 -84.082367 241.003448 24.125010 38.578831
2012-03-31_1333216558212723.color.png 0.426363 0.486067 -0.506730 -0.570244 -1.476721 -77.843933 217.912979 31.610573 62.968723
2012-03-31_1333216559212806.color.png 0.426215 0.498601 -0.489896 -0.574229 -6.460575 -99.131821 230.838791 36.367469 44.102337
2012-03-31_1333216560413059.color.png 0.403551 0.500798 -0.522780 -0.559507 -16.642950 -93.508316 250.012161 32.506807 30.789583
2012-03-31_1333216561412975.color.png 0.456768 0.505935 -0.481717 -0.550765 -10.494390 -111.216576 264.670166 28.313217 21.644756
2012-03-31_1333216562613071.color.png 0.407285 0.507055 -0.498949 -0.572770 -19.727465 -83.204849 220.705093 28.864069 65.712860
2012-03-31_1333216563613188.color.png 0.466001 0.493348 -0.467598 -0.566394 17.758663 -83.526619 216.612381 21.871461 68.037506
2012-03-31_1333216564813239.color.png 0.441887 0.482428 -0.476814 -0.587067 -12.731958 -103.051819 247.447403 27.408994 43.477867
2012-03-31_1333216565813326.color.png 0.437243 0.503118 -0.476414 -0.573342 -8.422781 -113.602325 263.266205 27.091167 22.511715
2012-03-31_1333216567013435.color.png 0.424781 0.507675 -0.472509 -0.581861 4.271421 -92.300148 234.417847 21.600431 57.420753
2012-03-31_1333216568013491.color.png 0.435968 0.511745 -0.469377 -0.572480 -2.127684 -110.245499 249.537750 13.920689 35.434818
2012-03-31_1333216569213579.color.png 0.449943 0.479294 -0.487811 -0.574342 11.241702 -78.660835 217.085083 10.510834 77.658714
2012-03-31_1333216570213671.color.png 0.415056 0.512451 -0.496260 -0.564667 11.867860 -102.383751 233.087067 10.052485 60.947697
2012-03-31_1333216571413748.color.png 0.437222 0.519635 -0.457455 -0.574066 6.026068 -94.847885 220.130219 7.093709 72.691597
2012-03-31_1333216572613841.color.png 0.437700 0.500175 -0.479281 -0.573179 -14.830192 -108.930084 254.082153 11.204122 41.635704
2012-03-31_1333216573613920.color.png 0.448910 0.464073 -0.466293 -0.604720 22.825382 -94.092216 218.246262 17.387949 75.647453
2012-03-31_1333216574614023.color.png 0.440990 0.493409 -0.459435 -0.592448 18.579422 -90.850464 216.414932 17.332172 81.271332
2012-03-31_1333216575814087.color.png 0.396643 0.490963 -0.527842 -0.568341 -10.348672 -82.475914 222.004974 20.084876 81.545395
2012-03-31_1333216576814184.color.png 0.426930 0.491878 -0.515335 -0.556971 -20.539303 -109.783302 267.486450 14.094880 32.571625
2012-03-31_1333216578014262.color.png 0.435987 0.478427 -0.503999 -0.571845 -16.732702 -103.284988 261.018372 13.701698 43.467815
2012-03-31_1333216579014362.color.png 0.453746 0.496090 -0.480875 -0.562821 4.445570 -83.774521 227.528290 14.152243 79.490341
2012-03-31_1333216580214419.color.png 0.416551 0.513912 -0.478983 -0.577023 11.729987 -107.704376 241.643814 22.697719 61.620991
2012-03-31_1333216581214534.color.png 0.402947 0.537880 -0.473394 -0.569400 -8.344717 -110.494110 237.605820 23.416315 63.869808
2012-03-31_1333216582414596.color.png 0.471864 0.483193 -0.490542 -0.550670 -7.339483 -106.020981 275.354340 9.411499 41.771935
2012-03-31_1333216583614692.color.png 0.417743 0.539997 -0.472676 -0.557199 -26.803219 -104.879715 230.464951 7.283387 76.387199
2012-03-31_1333216584814783.color.png 0.404789 0.525342 -0.493148 -0.562998 -3.027092 -92.662231 216.530762 13.230251 95.400742
2012-03-31_1333216585814860.color.png 0.422977 0.523045 -0.469097 -0.572243 -4.559318 -116.184105 248.130173 21.378304 56.989246
2012-03-31_1333216587014952.color.png 0.452462 0.521171 -0.430533 -0.581635 0.193199 -91.172119 225.659180 30.638531 93.875854
2012-03-31_1333216588215035.color.png 0.414791 0.537057 -0.502773 -0.535478 -9.881788 -84.778290 221.287125 28.188877 96.558426
2012-03-31_1333216589415137.color.png 0.402140 0.517124 -0.507442 -0.559794 -10.514659 -89.165352 220.617111 15.717213 96.092735
2012-03-31_1333216590415212.color.png 0.414733 0.501245 -0.508030 -0.564496 -4.495955 -84.546669 222.537994 22.099914 96.524170
2012-03-31_1333216591415295.color.png 0.441771 0.498885 -0.472415 -0.576867 -11.990039 -92.542419 229.887970 43.261728 89.644295
2012-03-31_1333216592615385.color.png 0.444699 0.523702 -0.474282 -0.550486 -5.056173 -90.189911 242.251312 67.689756 76.777466
2012-03-31_1333216593615461.color.png 0.418798 0.510436 -0.497037 -0.563044 -14.455545 -99.890564 244.221771 94.393365 70.884193
2012-03-31_1333216594815571.color.png 0.433387 0.517503 -0.492270 -0.549579 -6.715421 -77.475868 226.639755 118.648814 96.107117
2012-03-31_1333216595815628.color.png 0.475161 0.490683 -0.474716 -0.555064 16.544807 -75.158600 218.713089 137.960464 103.045090
2012-03-31_1333216597015723.color.png 0.413698 0.561873 -0.444904 -0.561439 -9.707705 -134.115860 249.733932 164.537973 50.760265
2012-03-31_1333216598015799.color.png 0.475577 -0.571027 -0.483436 0.462649 30.274967 84.720428 -297.198303 22.941183 49.745998
2012-03-31_1333216599015879.color.png 0.418365 0.526854 -0.465772 -0.574849 -14.940540 -120.839020 247.323334 172.859343 57.794285
2012-03-31_1333216600015955.color.png 0.372312 0.571780 -0.494690 -0.538268 -34.065773 -105.207352 202.572266 162.670121 99.874786
2012-03-31_1333216601016030.color.png 0.428969 0.533453 -0.452193 -0.571782 14.906662 -95.836678 212.236298 162.281183 97.423363
2012-03-31_1333216602216118.color.png 0.475908 0.489087 -0.464456 -0.564434 28.003370 -82.800613 220.589905 179.554813 91.028847
2012-03-31_1333216603416215.color.png 0.410548 -0.617152 -0.520770 0.423525 104.009727 59.145439 -274.029175 27.420201 38.374878
2012-03-31_1333216604416292.color.png 0.417171 -0.591028 -0.509104 0.466334 69.420212 43.281605 -279.711609 26.789899 36.215065
2012-03-31_1333216605416371.color.png 0.408083 0.530654 -0.483436 -0.564061 -14.452875 -101.476265 226.024384 178.384010 76.029907
2012-03-31_1333216606616463.color.png 0.447598 0.486255 -0.471957 -0.583497 5.593833 -95.617371 225.842239 174.438674 77.545135
2012-03-31_1333216607816557.color.png 0.413877 0.558433 -0.433556 -0.573488 19.716444 -101.492310 217.018051 164.032799 87.270920
2012-03-31_1333216608816634.color.png 0.399756 0.523323 -0.484240 -0.576055 -7.461452 -117.633621 237.116714 166.368546 55.012104
2012-03-31_1333216609816711.color.png 0.409641 0.483977 -0.497106 -0.592323 -3.248286 -96.499695 242.883865 167.793815 57.761292
2012-03-31_1333216611016800.color.png 0.459652 -0.565843 -0.480284 0.487718 36.273891 56.696739 -291.829254 5.479091 24.789146
2012-03-31_1333216612016880.color.png 0.409958 -0.578541 -0.545594 0.446712 71.469879 15.929063 -171.204163 15.138356 133.147781
2012-03-31_1333216613016956.color.png 0.426417 0.518524 -0.464432 -0.577585 4.738990 -97.926422 235.095947 170.660691 61.607605
2012-03-31_1333216614217051.color.png 0.390853 0.530724 -0.452042 -0.601019 -16.852163 -151.680161 294.296265 163.168138 31.290062
2012-03-31_1333216615217127.color.png 0.494775 0.515347 -0.483286 -0.506014 17.126450 -57.533672 227.679153 175.367047 76.948914
2012-03-31_1333216616417217.color.png 0.412852 0.504964 -0.507185 -0.563319 -3.394710 -85.857147 221.043427 166.879635 73.309265
2012-03-31_1333216617417291.color.png 0.455669 0.504436 -0.469437 -0.563506 8.073260 -83.911606 228.929947 167.892497 65.159615
2012-03-31_1333216618617394.color.png 0.411309 0.490811 -0.521552 -0.563838 -27.142878 -91.601471 238.256134 179.909177 50.604233
2012-03-31_1333216619617489.color.png 0.389982 0.532639 -0.524218 -0.537964 -16.438972 -137.846069 284.360748 177.391515 32.889515
2012-03-31_1333216620617542.color.png 0.390673 0.491675 -0.558412 -0.542040 -46.817032 -159.842407 286.236908 176.428048 61.194378
2012-03-31_1333216621817631.color.png 0.438554 0.515371 -0.512602 -0.528491 -18.321541 -99.582832 265.103821 165.332078 18.086298
2012-03-31_1333216623017723.color.png 0.400148 0.569696 -0.469352 -0.543174 -0.255733 -138.401718 252.453308 146.434229 25.956518
2012-03-31_1333216624017804.color.png 0.429168 0.483493 -0.495834 -0.579826 4.152919 -84.928932 223.164215 145.043944 60.886223
2012-03-31_1333216625017911.color.png 0.407464 0.520094 -0.491127 -0.567688 -14.230551 -111.411621 248.737579 134.454897 25.446198
2012-03-31_1333216626217960.color.png 0.415992 0.506517 -0.495347 -0.570108 2.119827 -93.915771 218.800171 133.005995 59.095749
2012-03-31_1333216627218047.color.png 0.378067 0.522046 -0.518775 -0.561610 -19.508377 -93.636063 234.382126 127.912655 46.479668
2012-03-31_1333216628218123.color.png 0.428711 0.502569 -0.477677 -0.579186 -15.314456 -98.303505 224.430893 136.750865 51.737446
2012-03-31_1333216629418216.color.png 0.405635 0.534010 -0.515301 -0.533628 -12.315728 -88.199615 220.301163 145.781112 56.349037
2012-03-31_1333216630418294.color.png 0.431402 0.495321 -0.486620 -0.575978 3.038193 -88.892426 214.313782 141.950729 58.122990
2012-03-31_1333216631418371.color.png 0.376311 0.517232 -0.496927 -0.586451 -39.283096 -136.514877 266.211487 130.129693 17.993919
2012-03-31_1333216632618464.color.png 0.477894 0.502899 -0.452239 -0.560527 3.024519 -91.039291 232.620834 129.056575 43.972347
2012-03-31_1333216633618544.color.png 0.439134 0.468837 -0.522003 -0.561130 -2.359128 -112.627686 252.966431 124.960524 30.701773
2012-03-31_1333216634618616.color.png 0.370821 -0.565262 -0.569988 0.466995 70.265709 35.006111 -213.759247 59.216900 57.581329
2012-03-31_1333216635618707.color.png 0.305789 -0.481199 -0.664549 0.483027 1.561195 103.982735 -155.791992 72.005507 130.769653
2012-03-31_1333216636818790.color.png 0.618776 -0.488548 -0.478212 0.386977 23.210709 94.897461 -197.264908 74.475249 63.764069
2012-03-31_1333216637818865.color.png 0.410875 0.502917 -0.495137 -0.577144 -31.065308 -118.899879 244.194031 113.647162 27.721333
2012-03-31_1333216639018982.color.png 0.398070 0.516930 -0.499445 -0.569981 -16.064392 -94.366379 222.369583 108.441056 39.181030
2012-03-31_1333216640019032.color.png 0.963746 -0.196737 -0.166421 0.069231 78.515190 165.932663 25.971136 137.238636 159.652512
2012-03-31_1333216641019114.color.png 0.424086 0.559862 -0.474078 -0.530995 -26.445095 -125.174805 256.238800 104.919171 17.525019
2012-03-31_1333216642019202.color.png 0.391435 0.510144 -0.521315 -0.561038 -16.723202 -121.505424 267.301453 113.692228 26.839172
2012-03-31_1333216643019254.color.png 0.364963 0.504661 -0.514633 -0.589297 -13.300493 -121.274704 249.989471 112.810205 20.024897
2012-03-31_1333216644219360.color.png 0.309524 0.578528 -0.545942 -0.521006 -101.150208 -171.628967 323.619507 106.077277 105.397881
2012-03-31_1333216645219426.color.png 0.389970 0.499962 -0.524860 -0.567877 -20.550480 -124.863914 267.734009 111.901400 33.259499
2012-03-31_1333216646219501.color.png 0.425968 0.533891 -0.437981 -0.584537 -10.574154 -108.796204 223.780304 108.563965 33.411495
2012-03-31_1333216647419634.color.png 0.415013 0.508033 -0.495165 -0.569630 -9.223874 -92.079102 240.858185 123.946350 15.572644
2012-03-31_1333216648419679.color.png 0.417293 0.534906 -0.463656 -0.569882 14.350199 -115.352814 224.818939 127.118304 30.752930
2012-03-31_1333216649419761.color.png 0.489092 0.443969 -0.544733 -0.516669 0.226533 -86.812325 293.286743 146.490209 60.550045
2012-03-31_1333216650619855.color.png 0.401727 0.518983 -0.518791 -0.547839 -19.091749 -128.496292 247.207489 134.341283 43.720150
2012-03-31_1333216651619925.color.png 0.482109 0.489505 -0.513307 -0.514268 21.360832 -70.346916 242.643234 146.998348 34.883736
2012-03-31_1333216652820018.color.png 0.444529 0.496315 -0.474638 -0.575139 12.604740 -85.691025 220.925873 144.077568 30.921757
2012-03-31_1333216653820107.color.png 0.428214 0.504753 -0.482524 -0.573609 10.388243 -91.125702 217.582932 143.368608 33.497238
2012-03-31_1333216654820176.color.png 0.429741 0.475170 -0.500546 -0.582229 -6.366742 -79.773247 221.699493 155.441691 31.741446
2012-03-31_1333216656020263.color.png 0.408801 0.497678 -0.500473 -0.578554 -12.837463 -84.536194 225.512619 176.765227 22.724180
2012-03-31_1333216657020331.color.png 0.456949 0.501997 -0.485915 -0.550529 5.552427 -77.201721 218.107117 158.432904 32.820065
2012-03-31_1333216658220445.color.png 0.442187 0.519825 -0.490262 -0.542122 -2.559121 -82.455826 219.047638 136.990140 29.772705
2012-03-31_1333216659220531.color.png 0.438740 0.506282 -0.478122 -0.567966 -18.049248 -73.910713 230.689056 117.803237 30.342316
2012-03-31_1333216660420602.color.png 0.506096 0.489729 -0.469692 -0.532373 26.637224 -60.967899 227.318893 96.417997 25.532877
2012-03-31_1333216661420683.color.png 0.446417 0.517636 -0.467447 -0.560588 3.692086 -86.315071 216.968277 88.806147 28.590143
2012-03-31_1333216662620779.color.png 0.451282 0.542447 -0.488767 -0.513034 -23.614368 -82.854362 202.941132 88.999960 47.856400
2012-03-31_1333216663620848.color.png 0.453593 0.526073 -0.498833 -0.518330 -13.975880 -75.004326 221.454590 92.058417 29.960112
2012-03-31_1333216664820940.color.png 0.707083 0.015428 -0.704406 -0.060065 9.220428 212.329315 93.467476 4.657154 40.949444
2012-03-31_1333216665821018.color.png 0.443176 0.519273 -0.503577 -0.529491 2.496001 -76.411514 182.106781 92.019266 69.709946
2012-03-31_1333216666821093.color.png 0.380534 0.557262 -0.527528 -0.516108 -18.495523 -87.057983 222.070892 89.471066 37.366161
2012-03-31_1333216668021215.color.png 0.438255 0.492478 -0.491120 -0.569385 4.515748 -82.657227 224.291199 88.620161 25.299543
2012-03-31_1333216669021256.color.png 0.404968 0.533869 -0.525640 -0.524106 -17.626671 -79.576958 222.311996 89.212755 31.918434
2012-03-31_1333216670221355.color.png 0.387881 0.558419 -0.515485 -0.521529 -36.814899 -88.849518 211.625534 93.313129 32.994186
2012-03-31_1333216671221432.color.png 0.406490 0.555759 -0.480122 -0.543490 -12.497671 -102.291771 210.087021 96.976665 32.495586
2012-03-31_1333216672221508.color.png 0.440912 0.501401 -0.487355 -0.562742 -8.252633 -77.798637 223.149734 88.881532 33.289524
2012-03-31_1333216673421602.color.png 0.435204 0.505410 -0.495929 -0.556068 -5.965861 -75.062302 237.997284 89.928531 25.730743
2012-03-31_1333216674421670.color.png 0.429686 0.500202 -0.503798 -0.557992 -8.376486 -81.171310 215.682312 89.309839 37.105743
2012-03-31_1333216675621772.color.png 0.440394 0.467300 -0.510325 -0.572059 8.202522 -76.732697 225.410492 85.717494 31.337151
2012-03-31_1333216676621850.color.png 0.415734 0.514974 -0.511834 -0.547716 -18.429903 -81.403015 215.708054 90.117530 38.402470
2012-03-31_1333216677621926.color.png 0.397808 0.524518 -0.534999 -0.529534 -0.581139 -80.909630 236.550934 88.775008 45.086037
2012-03-31_1333216678622001.color.png 0.436457 0.539662 -0.508653 -0.509453 -3.941694 -70.572311 225.287445 88.199626 42.581337
2012-03-31_1333216679822101.color.png 0.384736 0.539880 -0.523631 -0.535088 -43.403076 -83.333084 216.741974 93.156704 39.277908
2012-03-31_1333216680822367.color.png 0.445911 0.493212 -0.502139 -0.552957 -6.863577 -78.365173 224.580643 88.115888 35.208595
2012-03-31_1333216682022266.color.png 0.373583 0.555168 -0.515043 -0.535682 -17.500221 -87.641159 236.602707 96.839747 48.124512
2012-03-31_1333216683022333.color.png 0.406643 0.532409 -0.512885 -0.536779 -25.793316 -85.429947 212.398041 93.375571 44.084583
2012-03-31_1333216684222434.color.png 0.422965 0.532210 -0.449493 -0.579490 -17.463032 -103.571182 227.364548 102.089997 42.572453
2012-03-31_1333216685422528.color.png 0.437128 0.515772 -0.477315 -0.561310 -4.247739 -88.918076 214.796280 98.234964 44.970203
2012-03-31_1333216686422601.color.png 0.412960 0.514415 -0.490228 -0.569665 -4.177813 -80.247360 227.453186 100.274212 51.250546
2012-03-31_1333216687422687.color.png 0.419991 0.508807 -0.492364 -0.567715 -11.638275 -88.896042 219.811691 99.212357 43.716549
2012-03-31_1333216688622771.color.png 0.399239 0.518970 -0.499546 -0.567215 -4.925426 -96.341331 216.775238 101.087182 46.157539
2012-03-31_1333216689622870.color.png 0.437783 0.486111 -0.468049 -0.594114 4.604549 -96.580566 216.119400 99.068397 44.037025
2012-03-31_1333216690622924.color.png 0.409201 0.520243 -0.512454 -0.547076 1.674194 -72.107437 248.543365 97.652943 60.845165
2012-03-31_1333216691823016.color.png 0.404865 0.527300 -0.501740 -0.553440 -15.267837 -87.488113 212.661972 104.248986 54.718189
2012-03-31_1333216692823093.color.png 0.396329 0.511632 -0.520513 -0.556976 -11.329184 -82.674805 220.089066 105.741130 55.462509
2012-03-31_1333216694023186.color.png 0.403849 0.544576 -0.516701 -0.522841 -35.457653 -85.807442 216.086243 101.570705 50.834709
2012-03-31_1333216695023294.color.png 0.689114 -0.000034 -0.724599 -0.008799 9.775283 223.969574 67.187065 5.453698 47.470726
2012-03-31_1333216696223356.color.png 0.424959 0.521277 -0.474059 -0.568285 -3.616264 -94.627365 209.496964 101.960524 57.319031
2012-03-31_1333216697223502.color.png 0.502120 0.491558 -0.487939 -0.517843 -25.591917 -27.568798 276.437988 97.034524 89.487343
2012-03-31_1333216698423522.color.png 0.415518 0.516811 -0.500471 -0.556579 -8.429329 -87.807251 215.776627 103.679567 58.200794
2012-03-31_1333216699423604.color.png 0.391573 0.563931 -0.502978 -0.525039 -24.108421 -95.223549 211.995636 102.403790 59.661278
2012-03-31_1333216700623696.color.png 0.432097 0.503826 -0.496086 -0.559777 13.097237 -79.310959 234.175064 93.123182 63.500996
2012-03-31_1333216701623769.color.png 0.721934 0.048708 -0.688895 -0.043166 15.365043 217.655914 87.251312 8.280247 56.729908
2012-03-31_1333216702823862.color.png 0.403184 0.571052 -0.506662 -0.504615 -160.131577 -51.776634 317.427765 87.013735 173.861130
2012-03-31_1333216704023961.color.png 0.435874 0.510292 -0.503368 -0.544277 -3.626784 -79.445549 218.802979 74.949892 64.190109
2012-03-31_1333216705024030.color.png 0.485707 0.494330 -0.473160 -0.543917 -3.629538 -59.432602 181.688232 68.383936 100.772728
2012-03-31_1333216706024108.color.png 0.415461 0.528792 -0.513287 -0.533206 -16.347893 -78.871941 223.029373 62.896999 68.582840
2012-03-31_1333216707024200.color.png 0.421622 0.508775 -0.498224 -0.561387 11.941159 -91.428200 174.006195 54.186052 93.475876
2012-03-31_1333216708224270.color.png 0.445543 0.516253 -0.477705 -0.553870 12.548663 -87.818939 219.782593 51.229100 68.147194
2012-03-31_1333216709224358.color.png 0.435296 0.507877 -0.487407 -0.561260 -0.691874 -87.147446 215.056168 66.052492 70.738503
2012-03-31_1333216710424444.color.png 0.409949 0.545757 -0.501217 -0.531858 -13.330797 -83.195839 220.818253 77.783383 77.247581
2012-03-31_1333216711424525.color.png 0.379361 0.515767 -0.509931 -0.574491 -11.270249 -94.590652 214.934296 93.322268 76.550941
2012-03-31_1333216712424605.color.png 0.370451 0.553071 -0.533907 -0.521365 -46.887627 -92.197273 215.964981 81.522508 68.768471
2012-03-31_1333216713624696.color.png 0.362339 0.496472 -0.520251 -0.592929 -29.413172 -97.586441 210.310516 61.651623 73.925186
2012-03-31_1333216714624772.color.png 0.420017 0.510696 -0.491828 -0.566463 8.327820 -102.278961 234.758163 40.735064 63.144169
2012-03-31_1333216715624879.color.png 0.415662 0.500388 -0.491134 -0.579331 5.022839 -92.057983 217.667068 24.737970 77.895065
2012-03-31_1333216716824936.color.png 0.459500 0.476735 -0.500580 -0.557677 9.948198 -97.686676 247.703110 13.783205 44.451340
2012-03-31_1333216717825017.color.png 0.410075 0.515044 -0.513865 -0.550010 39.991573 -114.640480 247.522629 19.491716 80.045303
2012-03-31_1333216719025126.color.png 0.473803 0.506903 -0.457620 -0.556007 21.128782 -84.911690 216.286514 13.266617 78.915848
2012-03-31_1333216720025185.color.png 0.448497 0.519587 -0.467671 -0.556924 16.131512 -89.280060 218.232834 17.533108 80.332771
2012-03-31_1333216721025261.color.png 0.494460 -0.014931 0.143426 -0.857155 254.113647 -71.835358 73.179153 109.029818 244.659592
2012-03-31_1333216722225354.color.png 0.469348 0.491076 -0.530042 -0.507555 -31.810398 -81.310066 296.105591 13.156700 47.777985
2012-03-31_1333216723225497.color.png 0.494444 0.526142 -0.495110 -0.483285 9.381093 -52.365192 229.750092 13.010909 85.792015
2012-03-31_1333216724425523.color.png 0.171608 -0.688447 -0.364924 0.602845 87.138184 -106.234344 -173.660568 129.233436 97.330765
2012-03-31_1333216725625616.color.png 0.421364 0.514748 -0.507807 -0.547374 -12.083550 -96.033997 251.599640 4.253053 60.508911
2012-03-31_1333216726625696.color.png 0.419560 0.514072 -0.499771 -0.556712 -41.141945 -108.529449 261.406281 8.006216 56.371914
2012-03-31_1333216727625769.color.png 0.461449 0.514960 -0.482845 -0.537347 12.842119 -75.622154 223.373184 8.432825 87.070099
2012-03-31_1333216728825861.color.png 0.372625 0.545186 -0.500335 -0.559989 -18.801537 -118.709869 247.296585 19.817558 65.501686
2012-03-31_1333216730025944.color.png 0.409991 0.520599 -0.522999 -0.536056 -14.483472 -95.752472 253.293854 8.728174 62.154301
2012-03-31_1333216731026029.color.png 0.491027 0.481806 -0.515197 -0.511201 21.546135 -41.950985 238.333984 4.166895 91.497566
2012-03-31_1333216732226179.color.png 0.438341 0.493539 -0.520692 -0.541439 -29.003330 -103.758850 269.609283 10.586517 39.933414
2012-03-31_1333216733426221.color.png 0.403034 0.533729 -0.487306 -0.561453 -2.857704 -99.868378 238.385544 11.325365 81.350319
2012-03-31_1333216734426289.color.png 0.449251 0.490874 -0.501149 -0.553233 -6.270660 -104.219940 241.166397 5.687861 57.333908
2012-03-31_1333216735626384.color.png 0.488716 0.488816 -0.505184 -0.516725 8.667799 -56.676975 232.867691 4.574130 89.243675
2012-03-31_1333216736626460.color.png 0.403774 0.550404 -0.486336 -0.545435 -1.188913 -106.691788 257.532074 16.609244 75.137085
2012-03-31_1333216737626538.color.png 0.420255 0.531745 -0.494189 -0.544435 2.826200 -95.938004 244.668640 11.984830 78.920525
2012-03-31_1333216738826630.color.png 0.425463 0.548800 -0.455519 -0.557048 -18.812304 -151.876129 273.830505 8.160567 36.952076
2012-03-31_1333216739826725.color.png 0.365024 0.548260 -0.473090 -0.585110 -15.639644 -111.092796 208.449493 11.080436 100.715210
2012-03-31_1333216741026801.color.png 0.450602 0.496193 -0.491423 -0.556106 -20.252235 -107.305450 240.261810 2.794492 68.332199
2012-03-31_1333216742226893.color.png 0.406116 0.527536 -0.467507 -0.581561 -0.279700 -141.380234 257.012024 9.873397 48.085762
2012-03-31_1333216743226960.color.png 0.408804 0.482301 -0.502751 -0.589497 -6.660261 -93.106415 223.844513 6.894449 93.917099
2012-03-31_1333216744427059.color.png 0.414813 0.516134 -0.487544 -0.569067 -0.548266 -145.069565 251.359100 8.150728 42.261913
2012-03-31_1333216745427159.color.png 0.429674 0.499167 -0.482772 -0.577186 -16.569073 -109.446671 252.383499 9.403369 68.677101
2012-03-31_1333216746427214.color.png 0.453548 0.481905 -0.536156 -0.524021 -25.411499 -80.678558 284.337433 3.381214 49.295197
2012-03-31_1333216747427291.color.png 0.392800 0.513859 -0.499048 -0.576722 32.335152 -123.332703 247.747696 8.884001 87.789749
2012-03-31_1333216748827398.color.png 0.466524 0.476260 -0.518771 -0.535172 2.680845 -60.039753 225.134521 3.179234 107.978790
2012-03-31_1333216749827477.color.png 0.407646 0.511023 -0.488279 -0.578155 -4.037657 -108.404892 238.541794 10.687284 83.890961
2012-03-31_1333216751027732.color.png 0.421414 0.516329 -0.495846 -0.556733 -4.063270 -88.403229 216.738327 7.023825 109.918045
2012-03-31_1333216752027642.color.png 0.391087 0.516401 -0.508985 -0.566847 -12.847598 -92.192856 218.909943 11.810527 109.426285
2012-03-31_1333216753227729.color.png 0.414373 0.541077 -0.500053 -0.534302 -1.555592 -86.189171 257.377533 16.924517 94.401810
2012-03-31_1333216754227804.color.png 0.454171 0.521706 -0.498684 -0.522366 17.899479 -79.568619 238.466995 9.366662 101.679115
2012-03-31_1333216755227882.color.png 0.435845 0.508351 -0.496888 -0.552015 -0.604215 -95.549774 252.439087 5.901760 82.552200
2012-03-31_1333216756427991.color.png 0.433389 0.497906 -0.477374 -0.579981 7.197144 -87.054230 220.911560 8.326705 115.330452
2012-03-31_1333216757428063.color.png 0.428513 0.521791 -0.509217 -0.533675 -20.319941 -101.797516 265.103943 6.243814 69.251762
2012-03-31_1333216758628152.color.png 0.466245 0.481482 -0.460951 -0.581649 7.119434 -105.686165 254.879654 8.932387 80.038010
2012-03-31_1333216759628230.color.png 0.450637 0.532976 -0.505881 -0.506899 37.940933 -48.345394 247.532883 4.756009 133.251694
2012-03-31_1333216760828322.color.png 0.431992 0.512360 -0.480588 -0.565601 9.631261 -86.193207 218.247757 8.997570 122.941032
2012-03-31_1333216761828401.color.png 0.398778 0.556129 -0.464159 -0.562364 -5.364318 -103.768517 212.543961 16.836427 123.167610
2012-03-31_1333216763028767.color.png 0.399996 0.533889 -0.504471 -0.548156 -6.813173 -114.549973 248.846909 14.635897 87.624084
2012-03-31_1333216764028567.color.png 0.465262 0.518925 -0.495040 -0.518829 2.858504 -69.395821 255.789062 9.299726 101.776863
2012-03-31_1333216765028664.color.png 0.359154 0.503463 -0.552297 -0.559018 -89.915512 -155.385544 289.825775 20.697001 27.482428
2012-03-31_1333216766028721.color.png 0.460619 0.511920 -0.517300 -0.508103 13.329374 -88.109520 273.609985 3.652928 79.666321
2012-03-31_1333216767028800.color.png 0.392952 0.542635 -0.502222 -0.546725 10.033308 -103.608429 239.345322 11.221695 115.198044
2012-03-31_1333216768228891.color.png 0.419775 0.529768 -0.465282 -0.571531 -2.813847 -110.472672 238.093704 11.886104 104.449951
2012-03-31_1333216769229025.color.png 0.396268 0.584372 -0.442651 -0.552757 -13.371376 -135.240906 236.471054 19.406581 96.239830
2012-03-31_1333216770429058.color.png 0.425986 0.522152 -0.480890 -0.560927 -9.362806 -120.328674 257.296600 21.311346 82.652718
2012-03-31_1333216771429134.color.png 0.432202 0.512070 -0.521590 -0.528138 -23.096836 -103.264244 267.123474 23.176748 79.266182
2012-03-31_1333216772629229.color.png 0.413380 0.507017 -0.486371 -0.579218 -4.062444 -96.101067 220.980698 34.431148 129.762833
2012-03-31_1333216773629304.color.png 0.406481 0.517907 -0.498467 -0.563982 32.023590 -129.436371 241.823135 26.540157 110.139694
2012-03-31_1333216774629380.color.png 0.396017 0.546264 -0.469437 -0.569557 -7.333741 -98.899979 230.046341 28.310181 131.099838
2012-03-31_1333216775629459.color.png 0.383379 0.518724 -0.533910 -0.546705 3.867489 -122.373566 271.465576 25.039006 94.519264
2012-03-31_1333216776829552.color.png 0.423089 0.529735 -0.453245 -0.578745 -13.228842 -122.073891 244.648834 29.738408 105.586609
2012-03-31_1333216777829630.color.png 0.413818 0.496245 -0.494874 -0.581029 15.400473 -92.084023 225.723618 27.096404 137.600632
2012-03-31_1333216778829716.color.png 0.435397 0.487368 -0.476064 -0.588444 10.461884 -91.549789 212.831528 27.764958 146.141693
2012-03-31_1333216779829779.color.png 0.432220 0.486335 -0.476015 -0.591671 16.844639 -95.831268 216.471848 29.214386 142.533218
2012-03-31_1333216781030091.color.png 0.413311 0.489342 -0.505004 -0.578523 5.334034 -90.444389 221.537643 24.330503 143.145844
2012-03-31_1333216782029954.color.png 0.429213 0.456436 -0.566358 -0.535426 -58.040833 -96.208496 305.108032 19.462817 60.872303
2012-03-31_1333216783030026.color.png 0.438410 0.486975 -0.487800 -0.576804 12.076628 -90.209030 219.116287 26.960860 146.300766
2012-03-31_1333216784030094.color.png 0.424020 0.476897 -0.489915 -0.593935 4.957478 -88.969574 213.361862 35.632165 154.034454
2012-03-31_1333216785230197.color.png 0.375673 0.535176 -0.517782 -0.551687 -30.347527 -97.888947 221.233292 47.052910 143.880905
2012-03-31_1333216786230277.color.png 0.388573 0.557801 -0.470327 -0.562727 -16.783665 -106.233566 226.795929 69.228509 142.746140
2012-03-31_1333216787230350.color.png 0.438322 0.505786 -0.488108 -0.560182 -17.332880 -103.376434 252.225311 83.196868 117.154480
2012-03-31_1333216788230429.color.png 0.411260 0.503392 -0.496166 -0.575570 -4.779928 -91.036125 214.297501 109.007948 156.647751
2012-03-31_1333216789230542.color.png 0.450928 0.491097 -0.472324 -0.576539 2.205410 -83.775375 192.931396 132.613191 177.053131
2012-03-31_1333216790430596.color.png 0.421166 0.533667 -0.457154 -0.573436 2.923439 -103.617676 207.192215 163.053650 157.258682
2012-03-31_1333216791430674.color.png 0.422991 0.522589 -0.481702 -0.562088 -25.506739 -113.467331 259.431519 175.696767 108.557419
2012-03-31_1333216792630767.color.png 0.390859 0.544767 -0.464929 -0.578186 11.677399 -109.461868 234.330170 147.832519 140.981339
2012-03-31_1333216793630842.color.png 0.407371 0.548724 -0.478367 -0.551467 0.576466 -110.977783 241.837448 138.509297 126.157974
2012-03-31_1333216794630919.color.png 0.425960 0.519297 -0.472442 -0.570690 1.677239 -95.443359 211.592453 132.184596 153.180634
2012-03-31_1333216795630997.color.png 0.399224 0.528923 -0.491365 -0.565174 -9.653374 -93.077332 218.026901 125.535626 149.449936
2012-03-31_1333216796831086.color.png 0.408501 0.494585 -0.485433 -0.594026 -3.207809 -95.695145 210.924469 133.131930 150.869293
2012-03-31_1333216798031186.color.png 0.406732 0.488768 -0.500317 -0.587671 -6.076135 -83.072250 234.203430 139.342607 138.541809
2012-03-31_1333216799031256.color.png 0.455130 -0.565637 -0.464090 0.507476 29.751942 30.730331 -269.222931 14.424145 105.380707
2012-03-31_1333216800031324.color.png 0.450538 -0.585371 -0.491387 0.461405 88.313210 50.633209 -310.765015 11.767127 57.631546
2012-03-31_1333216801031413.color.png 0.422147 0.510390 -0.483689 -0.572135 18.271427 -91.049026 223.511780 157.497947 139.804749
2012-03-31_1333216802031507.color.png 0.424788 0.511806 -0.472427 -0.578293 -3.246699 -114.695984 229.085770 160.238246 117.042374
2012-03-31_1333216803231570.color.png 0.424034 -0.603440 -0.490390 0.464299 72.462357 36.956753 -281.475861 18.485540 78.807228
2012-03-31_1333216804231659.color.png 0.420801 0.481002 -0.472256 -0.607073 -18.330902 -113.964333 251.083481 173.251682 102.759613
2012-03-31_1333216805431750.color.png 0.416716 0.501926 -0.502271 -0.567575 -7.100406 -93.340576 231.417282 176.665725 122.782440
2012-03-31_1333216806431825.color.png 0.427198 0.524159 -0.480685 -0.558302 25.722313 -100.662567 228.507370 171.296035 126.120560
2012-03-31_1333216807631917.color.png 0.403991 0.505407 -0.503345 -0.572712 -16.493187 -151.752167 258.738403 171.437994 64.816895
2012-03-31_1333216808632010.color.png 0.408409 0.500086 -0.493399 -0.582816 -5.591017 -98.987488 221.266632 167.010010 125.122719
2012-03-31_1333216809632088.color.png 0.423166 0.497342 -0.489427 -0.577964 3.004007 -91.222153 215.885437 166.638734 132.115372
2012-03-31_1333216810632150.color.png 0.408196 0.523939 -0.471230 -0.580350 -11.644766 -120.286972 251.899536 165.357883 90.878029
2012-03-31_1333216811832239.color.png 0.403179 0.509595 -0.498317 -0.573968 7.117792 -116.812569 254.074432 163.845105 90.618019
2012-03-31_1333216812832321.color.png 0.398270 0.543353 -0.479828 -0.562062 -8.509498 -122.324783 242.391464 158.500496 93.525024
2012-03-31_1333216814032431.color.png 0.412749 0.506039 -0.486467 -0.580442 1.953485 -110.396179 234.791183 164.010478 102.119514
2012-03-31_1333216815032588.color.png 0.419973 0.493077 -0.497695 -0.576886 -1.603784 -75.351959 187.088989 170.054799 156.492310
2012-03-31_1333216816232608.color.png 0.395817 0.557999 -0.453906 -0.570907 -3.205296 -127.267059 229.095261 162.159250 99.534760
2012-03-31_1333216817232648.color.png 0.417919 0.506818 -0.486062 -0.576388 -9.078638 -118.438034 257.446350 163.063895 75.516685
2012-03-31_1333216818432745.color.png 0.456652 -0.592680 -0.475921 0.462276 58.190090 47.393738 -284.951569 7.911249 58.652203
2012-03-31_1333216819432824.color.png 0.431925 0.503114 -0.488802 -0.566912 -2.100308 -82.697014 225.212494 159.702978 117.564056
2012-03-31_1333216820632935.color.png 0.373147 -0.607112 -0.445975 0.541556 36.892342 -7.446594 -262.520569 17.719628 83.883476
2012-03-31_1333216821632994.color.png 0.436294 0.510469 -0.465026 -0.576905 12.281370 -93.340683 217.639709 168.800284 116.399216
2012-03-31_1333216822833083.color.png 0.370866 -0.599234 -0.516097 0.486848 66.277092 10.764568 -216.618042 12.781692 122.337715
2012-03-31_1333216823833186.color.png 0.420959 0.509000 -0.491365 -0.567690 16.711449 -105.042145 225.375809 171.393939 101.834183
2012-03-31_1333216824833256.color.png 0.481190 -0.554040 -0.523291 0.433201 45.374733 55.467075 -217.252747 12.134906 118.035652
2012-03-31_1333216826033344.color.png 0.415805 0.535346 -0.490647 -0.547518 15.656401 -88.121101 252.143707 176.615455 102.474503
2012-03-31_1333216827233415.color.png 0.407214 0.513160 -0.510452 -0.557029 9.636618 -95.723572 234.389160 179.233262 100.474503
2012-03-31_1333216828233507.color.png 0.424366 0.537478 -0.488215 -0.540996 -12.146364 -115.868111 263.176697 178.669211 62.283360
2012-03-31_1333216829433591.color.png 0.406123 0.520821 -0.495466 -0.564201 -17.573956 -94.302643 213.291580 178.673432 109.066177
2012-03-31_1333216830433677.color.png 0.420209 0.535676 -0.482217 -0.551310 -2.836111 -102.354492 243.435226 176.076376 85.922874
2012-03-31_1333216831433792.color.png 0.426126 0.523221 -0.484810 -0.556431 -10.734058 -120.493011 260.206909 177.215733 57.751804
2012-03-31_1333216832633859.color.png 0.432849 0.505115 -0.484891 -0.567786 1.647263 -97.410507 246.998535 175.822265 81.658356
2012-03-31_1333216833633913.color.png 0.413587 0.537431 -0.466425 -0.567945 -24.012081 -122.630493 246.617920 169.234493 71.450119
2012-03-31_1333216834834006.color.png 0.369206 0.523336 -0.504225 -0.579278 -16.044353 -102.506119 213.446335 167.579074 103.177940
2012-03-31_1333216836034096.color.png 0.408753 0.511747 -0.489054 -0.576075 2.807138 -97.232719 220.546204 171.412681 98.640694
2012-03-31_1333216837034174.color.png 0.427138 0.490208 -0.486042 -0.583963 -1.073615 -131.248642 270.646240 173.335024 39.695541
2012-03-31_1333216838434300.color.png 0.423893 0.494181 -0.494997 -0.575394 13.710076 -105.455528 227.393326 172.670297 82.455711
2012-03-31_1333216839434362.color.png 0.382812 0.526385 -0.513355 -0.559322 -23.120850 -133.076080 255.311569 171.172300 47.418072
2012-03-31_1333216840434437.color.png 0.431629 -0.608403 -0.432783 0.506202 33.323723 -0.355614 -292.899384 19.411842 50.918625
2012-03-31_1333216841434510.color.png 0.458293 -0.551832 -0.489504 0.495817 35.250664 36.114700 -241.962997 12.357726 83.649895
2012-03-31_1333216842634608.color.png 0.506290 -0.567654 -0.447283 0.470507 19.914835 55.327271 -285.753235 14.664160 45.791588
2012-03-31_1333216843834698.color.png 0.421845 0.529519 -0.473489 -0.563440 -9.178260 -106.376175 243.016754 176.295939 74.457138
2012-03-31_1333216845034788.color.png 0.409606 0.518633 -0.491539 -0.567126 -12.133640 -93.158325 209.146317 165.456579 97.377396
2012-03-31_1333216846234877.color.png 0.540541 0.484832 -0.474881 -0.497234 32.513336 -40.440781 229.788208 137.943730 95.553719
2012-03-31_1333216847234975.color.png 0.399383 0.504539 -0.506983 -0.573500 -22.375704 -86.192490 227.317047 140.577669 92.176147
2012-03-31_1333216848435047.color.png 0.406547 0.503303 -0.502096 -0.573851 -6.891633 -86.087875 214.096512 131.078324 99.584320
2012-03-31_1333216849635140.color.png 0.417037 0.514033 -0.492883 -0.564727 -30.957897 -83.446503 235.106812 130.256721 95.295784
2012-03-31_1333216850635230.color.png 0.411001 0.515893 -0.496825 -0.564001 -14.274565 -89.828636 211.118820 130.534764 98.384781
2012-03-31_1333216851835314.color.png 0.387228 0.528176 -0.494212 -0.571698 -9.809510 -98.316917 196.119644 130.071240 106.029572
2012-03-31_1333216852835406.color.png 0.376551 0.555035 -0.459648 -0.582125 -8.418730 -114.577271 207.257797 121.362476 99.585495
2012-03-31_1333216853835477.color.png 0.411226 0.514836 -0.490626 -0.570196 -2.768233 -89.800064 219.178787 99.459152 100.616928
2012-03-31_1333216854835542.color.png 0.451916 0.508044 -0.487220 -0.547978 12.397638 -75.871910 222.085205 94.197051 102.657684
2012-03-31_1333216856035633.color.png 0.408784 0.520942 -0.486410 -0.570018 -1.112122 -107.357437 234.791382 98.806295 85.373993
2012-03-31_1333216857235725.color.png 0.417935 0.491062 -0.505609 -0.573191 -4.993170 -84.836823 217.532883 89.377158 102.449013
2012-03-31_1333216858235801.color.png 0.423998 0.526013 -0.502094 -0.539850 -7.230815 -94.358597 248.813995 83.636138 85.780540
2012-03-31_1333216859435892.color.png 0.421653 0.492664 -0.478889 -0.591740 15.620350 -97.857300 222.670792 90.025978 101.247322
2012-03-31_1333216860836000.color.png 0.406203 0.533152 -0.486826 -0.560133 -17.248280 -119.709778 251.186310 95.475437 77.356003
2012-03-31_1333216861836077.color.png 0.422990 0.546028 -0.483731 -0.537529 -21.738991 -127.426033 261.137085 95.360711 65.975418
2012-03-31_1333216863036171.color.png 0.459465 0.542574 -0.477167 -0.516543 16.789925 -64.396881 235.993240 90.012379 120.982391
2012-03-31_1333216864236262.color.png 0.449078 0.480992 -0.486374 -0.574818 17.593788 -84.029160 221.059006 82.611637 108.738617
2012-03-31_1333216865436356.color.png 0.419718 0.511122 -0.488442 -0.569223 -2.559749 -126.798203 245.958496 80.706663 71.439751
2012-03-31_1333216866436429.color.png 0.482203 0.509353 -0.462463 -0.542373 23.823954 -75.085281 222.641556 80.717127 115.174400
2012-03-31_1333216867636546.color.png 0.446981 0.516364 -0.535699 -0.496590 8.999819 -98.691467 252.439041 77.493066 79.340385
2012-03-31_1333216868836631.color.png 0.427437 0.525670 -0.449956 -0.581814 -23.227829 -112.021629 240.267868 93.647426 107.811081
2012-03-31_1333216869836705.color.png 0.420378 0.519706 -0.486077 -0.562954 -9.553055 -87.810654 224.736984 95.491871 119.630569
2012-03-31_1333216871036783.color.png 0.479569 0.502324 -0.487260 -0.529398 11.861954 -70.762520 223.786270 89.318794 117.364166
2012-03-31_1333216872036857.color.png 0.419592 0.514340 -0.461637 -0.588463 -2.533043 -130.988022 259.366547 100.474289 88.884781
2012-03-31_1333216873236942.color.png 0.427883 0.466010 -0.529973 -0.564694 2.089349 -70.078125 225.893784 92.597879 122.887230
2012-03-31_1333216874237021.color.png 0.455866 0.505193 -0.481726 -0.552183 7.448929 -80.966568 225.803802 95.205208 121.425018
2012-03-31_1333216875437174.color.png 0.382004 0.559954 -0.469273 -0.565957 13.765821 -104.545685 223.729126 101.897871 137.423767
2012-03-31_1333216876437198.color.png 0.416328 0.525570 -0.479830 -0.565871 0.976552 -91.222343 217.431549 96.895256 131.502411
2012-03-31_1333216877637315.color.png 0.446450 0.485965 -0.480206 -0.577860 12.723179 -85.126556 222.309647 95.540058 126.752510
2012-03-31_1333216878837380.color.png 0.434178 0.501339 -0.477805 -0.576065 -11.280707 -100.835770 230.204193 92.902929 115.844139
2012-03-31_1333216880037473.color.png 0.401593 0.515268 -0.507416 -0.561917 -18.499258 -89.287430 212.013443 72.694038 132.509918
2012-03-31_1333216881037552.color.png 0.436518 0.511725 -0.525161 -0.521340 -18.068739 -100.810646 268.168304 46.145817 89.954468
2012-03-31_1333216882037627.color.png 0.551664 0.429467 -0.422114 -0.577101 66.494202 -62.481953 214.867172 34.648208 132.407288
2012-03-31_1333216883037719.color.png 0.473903 0.544875 -0.471772 -0.505923 9.223070 -77.939911 242.034714 29.320284 126.596481
2012-03-31_1333216884237796.color.png 0.251642 0.013683 0.477938 -0.841466 43.609207 -130.412186 -146.731644 151.662766 162.536331
2012-03-31_1333216885237865.color.png 0.436441 0.515181 -0.513504 -0.529549 0.696552 -77.591370 247.953918 34.372872 127.452835
2012-03-31_1333216886437961.color.png 0.448242 0.501779 -0.458382 -0.580675 6.605810 -103.081650 231.152878 36.271897 123.712753
